
1284
( 
(0.0 ((0.0 0.0 0.0) (0.0 0.0 -0.4612))) 
(0.3342 ((0.0 0.0 0.0) (0.0 0.0 -0.9577))) 
(0.6684 ((0.0 0.0 0.0) (0.0 0.0 -1.4538))) 
(1.0026 ((0.0 0.0 0.0) (0.0 0.0 -1.9494))) 
(1.3368 ((0.0 0.0 0.0) (0.0 0.0 -2.4442))) 
(1.671 ((0.0 0.0 0.0) (0.0 0.0 -2.938))) 
(2.0052 ((0.0 0.0 0.0) (0.0 0.0 -3.4307))) 
(2.3393 ((0.0 0.0 0.0) (0.0 0.0 -3.922))) 
(2.6735 ((0.0 0.0 0.0) (0.0 0.0 -4.4118))) 
(3.0077 ((0.0 0.0 0.0) (0.0 0.0 -4.8999))) 
(3.3419 ((0.0 0.0 0.0) (0.0 0.0 -5.386))) 
(3.6761 ((0.0 0.0 0.0) (0.0 0.0 -5.8701))) 
(4.0103 ((0.0 0.0 0.0) (0.0 0.0 -6.3519))) 
(4.3445 ((0.0 0.0 0.0) (0.0 0.0 -6.8313))) 
(4.6787 ((0.0 0.0 0.0) (0.0 0.0 -7.3081))) 
(5.0129 ((0.0 0.0 0.0) (0.0 0.0 -7.7821))) 
(5.3471 ((0.0 0.0 0.0) (0.0 0.0 -8.2532))) 
(5.6813 ((0.0 0.0 0.0) (0.0 0.0 -8.7211))) 
(6.0155 ((0.0 0.0 0.0) (0.0 0.0 -9.1859))) 
(6.3497 ((0.0 0.0 0.0) (0.0 0.0 -9.6472))) 
(6.6838 ((0.0 0.0 0.0) (0.0 0.0 -10.105))) 
(7.018 ((0.0 0.0 0.0) (0.0 0.0 -10.5591))) 
(7.3522 ((0.0 0.0 0.0) (0.0 0.0 -11.0094))) 
(7.6864 ((0.0 0.0 0.0) (0.0 0.0 -11.4557))) 
(8.0206 ((0.0 0.0 0.0) (0.0 0.0 -11.8979))) 
(8.3548 ((0.0 0.0 0.0) (0.0 0.0 -12.336))) 
(8.689 ((0.0 0.0 0.0) (0.0 0.0 -12.7697))) 
(9.0232 ((0.0 0.0 0.0) (0.0 0.0 -13.199))) 
(9.3574 ((0.0 0.0 0.0) (0.0 0.0 -13.6237))) 
(9.6916 ((0.0 0.0 0.0) (0.0 0.0 -14.0439))) 
(10.0258 ((0.0 0.0 0.0) (0.0 0.0 -14.4592))) 
(10.36 ((0.0 0.0 0.0) (0.0 0.0 -14.8698))) 
(10.6942 ((0.0 0.0 0.0) (0.0 0.0 -15.2755))) 
(11.0283 ((0.0 0.0 0.0) (0.0 0.0 -15.6761))) 
(11.3625 ((0.0 0.0 0.0) (0.0 0.0 -16.0717))) 
(11.6967 ((0.0 0.0 0.0) (0.0 0.0 -16.4621))) 
(12.0309 ((0.0 0.0 0.0) (0.0 0.0 -16.8474))) 
(12.3651 ((0.0 0.0 0.0) (0.0 0.0 -17.2273))) 
(12.6993 ((0.0 0.0 0.0) (0.0 0.0 -17.6019))) 
(13.0335 ((0.0 0.0 0.0) (0.0 0.0 -17.9712))) 
(13.3677 ((0.0 0.0 0.0) (0.0 0.0 -18.335))) 
(13.7019 ((0.0 0.0 0.0) (0.0 0.0 -18.6933))) 
(14.0361 ((0.0 0.0 0.0) (0.0 0.0 -19.0461))) 
(14.3703 ((0.0 0.0 0.0) (0.0 0.0 -19.3933))) 
(14.7045 ((0.0 0.0 0.0) (0.0 0.0 -19.7349))) 
(15.0387 ((0.0 0.0 0.0) (0.0 0.0 -20.0709))) 
(15.3728 ((0.0 0.0 0.0) (0.0 0.0 -20.4013))) 
(15.707 ((0.0 0.0 0.0) (0.0 0.0 -20.7259))) 
(16.0412 ((0.0 0.0 0.0) (0.0 0.0 -21.0449))) 
(16.3754 ((0.0 0.0 0.0) (0.0 0.0 -21.3582))) 
(16.7096 ((0.0 0.0 0.0) (0.0 0.0 -21.6657))) 
(17.0438 ((0.0 0.0 0.0) (0.0 0.0 -21.9675))) 
(17.378 ((0.0 0.0 0.0) (0.0 0.0 -22.2635))) 
(17.7122 ((0.0 0.0 0.0) (0.0 0.0 -22.5538))) 
(18.0464 ((0.0 0.0 0.0) (0.0 0.0 -22.8383))) 
(18.3806 ((0.0 0.0 0.0) (0.0 0.0 -23.1171))) 
(18.7148 ((0.0 0.0 0.0) (0.0 0.0 -23.3901))) 
(19.049 ((0.0 0.0 0.0) (0.0 0.0 -23.6574))) 
(19.3832 ((0.0 0.0 0.0) (0.0 0.0 -23.9189))) 
(19.7173 ((0.0 0.0 0.0) (0.0 0.0 -24.1746))) 
(20.0515 ((0.0 0.0 0.0) (0.0 0.0 -24.4246))) 
(20.3857 ((0.0 0.0 0.0) (0.0 0.0 -24.6689))) 
(20.7199 ((0.0 0.0 0.0) (0.0 0.0 -24.9075))) 
(21.0541 ((0.0 0.0 0.0) (0.0 0.0 -25.1403))) 
(21.3883 ((0.0 0.0 0.0) (0.0 0.0 -25.3675))) 
(21.7225 ((0.0 0.0 0.0) (0.0 0.0 -25.589))) 
(22.0567 ((0.0 0.0 0.0) (0.0 0.0 -25.8048))) 
(22.3909 ((0.0 0.0 0.0) (0.0 0.0 -26.015))) 
(22.7251 ((0.0 0.0 0.0) (0.0 0.0 -26.2195))) 
(23.0593 ((0.0 0.0 0.0) (0.0 0.0 -26.4185))) 
(23.3935 ((0.0 0.0 0.0) (0.0 0.0 -26.6118))) 
(23.7277 ((0.0 0.0 0.0) (0.0 0.0 -26.7996))) 
(24.0618 ((0.0 0.0 0.0) (0.0 0.0 -26.9818))) 
(24.396 ((0.0 0.0 0.0) (0.0 0.0 -27.1584))) 
(24.7302 ((0.0 0.0 0.0) (0.0 0.0 -27.3296))) 
(25.0644 ((0.0 0.0 0.0) (0.0 0.0 -27.4953))) 
(25.3986 ((0.0 0.0 0.0) (0.0 0.0 -27.6555))) 
(25.7328 ((0.0 0.0 0.0) (0.0 0.0 -27.8102))) 
(26.067 ((0.0 0.0 0.0) (0.0 0.0 -27.9595))) 
(26.4012 ((0.0 0.0 0.0) (0.0 0.0 -28.1033))) 
(26.7354 ((0.0 0.0 0.0) (0.0 0.0 -28.2418))) 
(27.0696 ((0.0 0.0 0.0) (0.0 0.0 -28.3749))) 
(27.4038 ((0.0 0.0 0.0) (0.0 0.0 -28.5026))) 
(27.738 ((0.0 0.0 0.0) (0.0 0.0 -28.625))) 
(28.0721 ((0.0 0.0 0.0) (0.0 0.0 -28.7421))) 
(28.4063 ((0.0 0.0 0.0) (0.0 0.0 -28.8539))) 
(28.7405 ((0.0 0.0 0.0) (0.0 0.0 -28.9603))) 
(29.0747 ((0.0 0.0 0.0) (0.0 0.0 -29.0615))) 
(29.4089 ((0.0 0.0 0.0) (0.0 0.0 -29.1575))) 
(29.7431 ((0.0 0.0 0.0) (0.0 0.0 -29.2482))) 
(30.0773 ((0.0 0.0 0.0) (0.0 0.0 -29.3337))) 
(30.4115 ((0.0 0.0 0.0) (0.0 0.0 -29.4139))) 
(30.7457 ((0.0 0.0 0.0) (0.0 0.0 -29.489))) 
(31.0799 ((0.0 0.0 0.0) (0.0 0.0 -29.5589))) 
(31.4141 ((0.0 0.0 0.0) (0.0 0.0 -29.6236))) 
(31.7483 ((0.0 0.0 0.0) (0.0 0.0 -29.6832))) 
(32.0825 ((0.0 0.0 0.0) (0.0 0.0 -29.7376))) 
(32.4166 ((0.0 0.0 0.0) (0.0 0.0 -29.7868))) 
(32.7508 ((0.0 0.0 0.0) (0.0 0.0 -29.8309))) 
(33.085 ((0.0 0.0 0.0) (0.0 0.0 -29.8699))) 
(33.4192 ((0.0 0.0 0.0) (0.0 0.0 -29.9038))) 
(33.7534 ((0.0 0.0 0.0) (0.0 0.0 -29.9326))) 
(34.0876 ((0.0 0.0 0.0) (0.0 0.0 -29.9563))) 
(34.4218 ((0.0 0.0 0.0) (0.0 0.0 -29.9748))) 
(34.756 ((0.0 0.0 0.0) (0.0 0.0 -29.9883))) 
(35.0902 ((0.0 0.0 0.0) (0.0 0.0 -29.9967))) 
(35.4244 ((0.0 0.0 0.0) (0.0 0.0 -29.9999))) 
(35.7586 ((0.0 0.0 0.0) (0.0 0.0 -29.9981))) 
(36.0928 ((0.0 0.0 0.0) (0.0 0.0 -29.9912))) 
(36.427 ((0.0 0.0 0.0) (0.0 0.0 -29.9792))) 
(36.7611 ((0.0 0.0 0.0) (0.0 0.0 -29.9621))) 
(37.0953 ((0.0 0.0 0.0) (0.0 0.0 -29.9399))) 
(37.4295 ((0.0 0.0 0.0) (0.0 0.0 -29.9126))) 
(37.7637 ((0.0 0.0 0.0) (0.0 0.0 -29.8802))) 
(38.0979 ((0.0 0.0 0.0) (0.0 0.0 -29.8426))) 
(38.4321 ((0.0 0.0 0.0) (0.0 0.0 -29.7999))) 
(38.7663 ((0.0 0.0 0.0) (0.0 0.0 -29.7522))) 
(39.1005 ((0.0 0.0 0.0) (0.0 0.0 -29.6992))) 
(39.4347 ((0.0 0.0 0.0) (0.0 0.0 -29.6411))) 
(39.7689 ((0.0 0.0 0.0) (0.0 0.0 -29.5779))) 
(40.1031 ((0.0 0.0 0.0) (0.0 0.0 -29.5095))) 
(40.4373 ((0.0 0.0 0.0) (0.0 0.0 -29.4359))) 
(40.7715 ((0.0 0.0 0.0) (0.0 0.0 -29.3571))) 
(41.1056 ((0.0 0.0 0.0) (0.0 0.0 -29.2731))) 
(41.4398 ((0.0 0.0 0.0) (0.0 0.0 -29.1839))) 
(41.774 ((0.0 0.0 0.0) (0.0 0.0 -29.0895))) 
(42.1082 ((0.0 0.0 0.0) (0.0 0.0 -28.9898))) 
(42.4424 ((0.0 0.0 0.0) (0.0 0.0 -28.8848))) 
(42.7766 ((0.0 0.0 0.0) (0.0 0.0 -28.7746))) 
(43.1108 ((0.0 0.0 0.0) (0.0 0.0 -28.659))) 
(43.445 ((0.0 0.0 0.0) (0.0 0.0 -28.5382))) 
(43.7792 ((0.0 0.0 0.0) (0.0 0.0 -28.4119))) 
(44.1134 ((0.0 0.0 0.0) (0.0 0.0 -28.2804))) 
(44.4476 ((0.0 0.0 0.0) (0.0 0.0 -28.1435))) 
(44.7818 ((0.0 0.0 0.0) (0.0 0.0 -28.0011))) 
(45.116 ((0.0 0.0 0.0) (0.0 0.0 -27.8534))) 
(45.4501 ((0.0 0.0 0.0) (0.0 0.0 -27.7002))) 
(45.7843 ((0.0 0.0 0.0) (0.0 0.0 -27.5416))) 
(46.1185 ((0.0 0.0 0.0) (0.0 0.0 -27.3775))) 
(46.4527 ((0.0 0.0 0.0) (0.0 0.0 -27.2079))) 
(46.7869 ((0.0 0.0 0.0) (0.0 0.0 -27.0328))) 
(47.1211 ((0.0 0.0 0.0) (0.0 0.0 -26.8522))) 
(47.4553 ((0.0 0.0 0.0) (0.0 0.0 -26.666))) 
(47.7895 ((0.0 0.0 0.0) (0.0 0.0 -26.4743))) 
(48.1237 ((0.0 0.0 0.0) (0.0 0.0 -26.2769))) 
(48.4579 ((0.0 0.0 0.0) (0.0 0.0 -26.074))) 
(48.7921 ((0.0 0.0 0.0) (0.0 0.0 -25.8654))) 
(49.1263 ((0.0 0.0 0.0) (0.0 0.0 -25.6512))) 
(49.4605 ((0.0 0.0 0.0) (0.0 0.0 -25.4313))) 
(49.7946 ((0.0 0.0 0.0) (0.0 0.0 -25.2058))) 
(50.1288 ((0.0 0.0 0.0) (0.0 0.0 -24.9746))) 
(50.463 ((0.0 0.0 0.0) (0.0 0.0 -24.7376))) 
(50.7972 ((0.0 0.0 0.0) (0.0 0.0 -24.495))) 
(51.1314 ((0.0 0.0 0.0) (0.0 0.0 -24.2466))) 
(51.4656 ((0.0 0.0 0.0) (0.0 0.0 -23.9925))) 
(51.7998 ((0.0 0.0 0.0) (0.0 0.0 -23.7327))) 
(52.134 ((0.0 0.0 0.0) (0.0 0.0 -23.4671))) 
(52.4682 ((0.0 0.0 0.0) (0.0 0.0 -23.1957))) 
(52.8024 ((0.0 0.0 0.0) (0.0 0.0 -22.9186))) 
(53.1366 ((0.0 0.0 0.0) (0.0 0.0 -22.6357))) 
(53.4708 ((0.0 0.0 0.0) (0.0 0.0 -22.3471))) 
(53.805 ((0.0 0.0 0.0) (0.0 0.0 -22.0527))) 
(54.1391 ((0.0 0.0 0.0) (0.0 0.0 -21.7525))) 
(54.4733 ((0.0 0.0 0.0) (0.0 0.0 -21.4466))) 
(54.8075 ((0.0 0.0 0.0) (0.0 0.0 -21.135))) 
(55.1417 ((0.0 0.0 0.0) (0.0 0.0 -20.8177))) 
(55.4759 ((0.0 0.0 0.0) (0.0 0.0 -20.4946))) 
(55.8101 ((0.0 0.0 0.0) (0.0 0.0 -20.1659))) 
(56.1443 ((0.0 0.0 0.0) (0.0 0.0 -19.8315))) 
(56.4785 ((0.0 0.0 0.0) (0.0 0.0 -19.4915))) 
(56.8127 ((0.0 0.0 0.0) (0.0 0.0 -19.1458))) 
(57.1469 ((0.0 0.0 0.0) (0.0 0.0 -18.7946))) 
(57.4811 ((0.0 0.0 0.0) (0.0 0.0 -18.4379))) 
(57.8153 ((0.0 0.0 0.0) (0.0 0.0 -18.0757))) 
(58.1495 ((0.0 0.0 0.0) (0.0 0.0 -17.708))) 
(58.4836 ((0.0 0.0 0.0) (0.0 0.0 -17.3349))) 
(58.8178 ((0.0 0.0 0.0) (0.0 0.0 -16.9565))) 
(59.152 ((0.0 0.0 0.0) (0.0 0.0 -16.5727))) 
(59.4862 ((0.0 0.0 0.0) (0.0 0.0 -16.1838))) 
(59.8204 ((0.0 0.0 0.0) (0.0 0.0 -15.7897))) 
(60.1546 ((0.0 0.0 0.0) (0.0 0.0 -15.3904))) 
(60.4888 ((0.0 0.0 0.0) (0.0 0.0 -14.9862))) 
(60.823 ((0.0 0.0 0.0) (0.0 0.0 -14.577))) 
(61.1572 ((0.0 0.0 0.0) (0.0 0.0 -14.163))) 
(61.4914 ((0.0 0.0 0.0) (0.0 0.0 -13.7443))) 
(61.8256 ((0.0 0.0 0.0) (0.0 0.0 -13.3208))) 
(62.1598 ((0.0 0.0 0.0) (0.0 0.0 -12.8928))) 
(62.494 ((0.0 0.0 0.0) (0.0 0.0 -12.4603))) 
(62.8281 ((0.0 0.0 0.0) (0.0 0.0 -12.0235))) 
(63.1623 ((0.0 0.0 0.0) (0.0 0.0 -11.5825))) 
(63.4965 ((0.0 0.0 0.0) (0.0 0.0 -11.1373))) 
(63.8307 ((0.0 0.0 0.0) (0.0 0.0 -10.6881))) 
(64.1649 ((0.0 0.0 0.0) (0.0 0.0 -10.2351))) 
(64.4991 ((0.0 0.0 0.0) (0.0 0.0 -9.7784))) 
(64.8333 ((0.0 0.0 0.0) (0.0 0.0 -9.318))) 
(65.1675 ((0.0 0.0 0.0) (0.0 0.0 -8.8543))) 
(65.5017 ((0.0 0.0 0.0) (0.0 0.0 -8.3872))) 
(65.8359 ((0.0 0.0 0.0) (0.0 0.0 -7.917))) 
(66.1701 ((0.0 0.0 0.0) (0.0 0.0 -7.4438))) 
(66.5043 ((0.0 0.0 0.0) (0.0 0.0 -6.9678))) 
(66.8385 ((0.0 0.0 0.0) (0.0 0.0 -6.4891))) 
(67.1726 ((0.0 0.0 0.0) (0.0 0.0 -6.008))) 
(67.5068 ((0.0 0.0 0.0) (0.0 0.0 -5.5245))) 
(67.841 ((0.0 0.0 0.0) (0.0 0.0 -5.039))) 
(68.1752 ((0.0 0.0 0.0) (0.0 0.0 -4.5514))) 
(68.5094 ((0.0 0.0 0.0) (0.0 0.0 -4.0621))) 
(68.8436 ((0.0 0.0 0.0) (0.0 0.0 -3.5712))) 
(69.1778 ((0.0 0.0 0.0) (0.0 0.0 -3.0789))) 
(69.512 ((0.0 0.0 0.0) (0.0 0.0 -2.5854))) 
(69.8462 ((0.0 0.0 0.0) (0.0 0.0 -2.0909))) 
(70.1804 ((0.0 0.0 0.0) (0.0 0.0 -1.5955))) 
(70.5146 ((0.0 0.0 0.0) (0.0 0.0 -1.0995))) 
(70.8488 ((0.0 0.0 0.0) (0.0 0.0 -0.6031))) 
(71.183 ((0.0 0.0 0.0) (0.0 0.0 -0.1064))) 
(71.5171 ((0.0 0.0 0.0) (0.0 0.0 0.3903))) 
(71.8513 ((0.0 0.0 0.0) (0.0 0.0 0.8868))) 
(72.1855 ((0.0 0.0 0.0) (0.0 0.0 1.383))) 
(72.5197 ((0.0 0.0 0.0) (0.0 0.0 1.8787))) 
(72.8539 ((0.0 0.0 0.0) (0.0 0.0 2.3736))) 
(73.1881 ((0.0 0.0 0.0) (0.0 0.0 2.8675))) 
(73.5223 ((0.0 0.0 0.0) (0.0 0.0 3.3604))) 
(73.8565 ((0.0 0.0 0.0) (0.0 0.0 3.8519))) 
(74.1907 ((0.0 0.0 0.0) (0.0 0.0 4.3419))) 
(74.5249 ((0.0 0.0 0.0) (0.0 0.0 4.8302))) 
(74.8591 ((0.0 0.0 0.0) (0.0 0.0 5.3167))) 
(75.1933 ((0.0 0.0 0.0) (0.0 0.0 5.8011))) 
(75.5275 ((0.0 0.0 0.0) (0.0 0.0 6.2832))) 
(75.8616 ((0.0 0.0 0.0) (0.0 0.0 6.763))) 
(76.1958 ((0.0 0.0 0.0) (0.0 0.0 7.2401))) 
(76.53 ((0.0 0.0 0.0) (0.0 0.0 7.7146))) 
(76.8642 ((0.0 0.0 0.0) (0.0 0.0 8.1861))) 
(77.1984 ((0.0 0.0 0.0) (0.0 0.0 8.6545))) 
(77.5326 ((0.0 0.0 0.0) (0.0 0.0 9.1197))) 
(77.8668 ((0.0 0.0 0.0) (0.0 0.0 9.5815))) 
(78.201 ((0.0 0.0 0.0) (0.0 0.0 10.0398))) 
(78.5352 ((0.0 0.0 0.0) (0.0 0.0 10.4944))) 
(78.8694 ((0.0 0.0 0.0) (0.0 0.0 10.9453))) 
(79.2036 ((0.0 0.0 0.0) (0.0 0.0 11.3922))) 
(79.5378 ((0.0 0.0 0.0) (0.0 0.0 11.835))) 
(79.872 ((0.0 0.0 0.0) (0.0 0.0 12.2736))) 
(80.2061 ((0.0 0.0 0.0) (0.0 0.0 12.708))) 
(80.5403 ((0.0 0.0 0.0) (0.0 0.0 13.1379))) 
(80.8745 ((0.0 0.0 0.0) (0.0 0.0 13.5633))) 
(81.2087 ((0.0 0.0 0.0) (0.0 0.0 13.9841))) 
(81.5429 ((0.0 0.0 0.0) (0.0 0.0 14.4002))) 
(81.8771 ((0.0 0.0 0.0) (0.0 0.0 14.8115))) 
(82.2113 ((0.0 0.0 0.0) (0.0 0.0 15.2178))) 
(82.5455 ((0.0 0.0 0.0) (0.0 0.0 15.6192))) 
(82.8797 ((0.0 0.0 0.0) (0.0 0.0 16.0155))) 
(83.2139 ((0.0 0.0 0.0) (0.0 0.0 16.4067))) 
(83.5481 ((0.0 0.0 0.0) (0.0 0.0 16.7926))) 
(83.8823 ((0.0 0.0 0.0) (0.0 0.0 17.1734))) 
(84.2164 ((0.0 0.0 0.0) (0.0 0.0 17.5487))) 
(84.5506 ((0.0 0.0 0.0) (0.0 0.0 17.9187))) 
(84.8848 ((0.0 0.0 0.0) (0.0 0.0 18.2833))) 
(85.219 ((0.0 0.0 0.0) (0.0 0.0 18.6424))) 
(85.5532 ((0.0 0.0 0.0) (0.0 0.0 18.996))) 
(85.8874 ((0.0 0.0 0.0) (0.0 0.0 19.344))) 
(86.2216 ((0.0 0.0 0.0) (0.0 0.0 19.6865))) 
(86.5558 ((0.0 0.0 0.0) (0.0 0.0 20.0233))) 
(86.89 ((0.0 0.0 0.0) (0.0 0.0 20.3544))) 
(87.2242 ((0.0 0.0 0.0) (0.0 0.0 20.6799))) 
(87.5584 ((0.0 0.0 0.0) (0.0 0.0 20.9997))) 
(87.8926 ((0.0 0.0 0.0) (0.0 0.0 21.3138))) 
(88.2268 ((0.0 0.0 0.0) (0.0 0.0 21.6221))) 
(88.5609 ((0.0 0.0 0.0) (0.0 0.0 21.9247))) 
(88.8951 ((0.0 0.0 0.0) (0.0 0.0 22.2216))) 
(89.2293 ((0.0 0.0 0.0) (0.0 0.0 22.5127))) 
(89.5635 ((0.0 0.0 0.0) (0.0 0.0 22.798))) 
(89.8977 ((0.0 0.0 0.0) (0.0 0.0 23.0776))) 
(90.2319 ((0.0 0.0 0.0) (0.0 0.0 23.3515))) 
(90.5661 ((0.0 0.0 0.0) (0.0 0.0 23.6195))) 
(90.9003 ((0.0 0.0 0.0) (0.0 0.0 23.8818))) 
(91.2345 ((0.0 0.0 0.0) (0.0 0.0 24.1384))) 
(91.5687 ((0.0 0.0 0.0) (0.0 0.0 24.3892))) 
(91.9029 ((0.0 0.0 0.0) (0.0 0.0 24.6343))) 
(92.2371 ((0.0 0.0 0.0) (0.0 0.0 24.8737))) 
(92.5713 ((0.0 0.0 0.0) (0.0 0.0 25.1074))) 
(92.9054 ((0.0 0.0 0.0) (0.0 0.0 25.3354))) 
(93.2396 ((0.0 0.0 0.0) (0.0 0.0 25.5577))) 
(93.5738 ((0.0 0.0 0.0) (0.0 0.0 25.7743))) 
(93.908 ((0.0 0.0 0.0) (0.0 0.0 25.9853))) 
(94.2422 ((0.0 0.0 0.0) (0.0 0.0 26.1906))) 
(94.5764 ((0.0 0.0 0.0) (0.0 0.0 26.3904))) 
(94.9106 ((0.0 0.0 0.0) (0.0 0.0 26.5845))) 
(95.2448 ((0.0 0.0 0.0) (0.0 0.0 26.7731))) 
(95.579 ((0.0 0.0 0.0) (0.0 0.0 26.9561))) 
(95.9132 ((0.0 0.0 0.0) (0.0 0.0 27.1335))) 
(96.2474 ((0.0 0.0 0.0) (0.0 0.0 27.3055))) 
(96.5816 ((0.0 0.0 0.0) (0.0 0.0 27.4719))) 
(96.9158 ((0.0 0.0 0.0) (0.0 0.0 27.6329))) 
(97.2499 ((0.0 0.0 0.0) (0.0 0.0 27.7884))) 
(97.5841 ((0.0 0.0 0.0) (0.0 0.0 27.9385))) 
(97.9183 ((0.0 0.0 0.0) (0.0 0.0 28.0831))) 
(98.2525 ((0.0 0.0 0.0) (0.0 0.0 28.2224))) 
(98.5867 ((0.0 0.0 0.0) (0.0 0.0 28.3562))) 
(98.9209 ((0.0 0.0 0.0) (0.0 0.0 28.4847))) 
(99.2551 ((0.0 0.0 0.0) (0.0 0.0 28.6079))) 
(99.5893 ((0.0 0.0 0.0) (0.0 0.0 28.7257))) 
(99.9235 ((0.0 0.0 0.0) (0.0 0.0 28.8382))) 
(100.2577 ((0.0 0.0 0.0) (0.0 0.0 28.9454))) 
(100.5919 ((0.0 0.0 0.0) (0.0 0.0 29.0474))) 
(100.9261 ((0.0 0.0 0.0) (0.0 0.0 29.1441))) 
(101.2603 ((0.0 0.0 0.0) (0.0 0.0 29.2355))) 
(101.5944 ((0.0 0.0 0.0) (0.0 0.0 29.3218))) 
(101.9286 ((0.0 0.0 0.0) (0.0 0.0 29.4028))) 
(102.2628 ((0.0 0.0 0.0) (0.0 0.0 29.4786))) 
(102.597 ((0.0 0.0 0.0) (0.0 0.0 29.5492))) 
(102.9312 ((0.0 0.0 0.0) (0.0 0.0 29.6147))) 
(103.2654 ((0.0 0.0 0.0) (0.0 0.0 29.675))) 
(103.5996 ((0.0 0.0 0.0) (0.0 0.0 29.7301))) 
(103.9338 ((0.0 0.0 0.0) (0.0 0.0 29.7801))) 
(104.268 ((0.0 0.0 0.0) (0.0 0.0 29.825))) 
(104.6022 ((0.0 0.0 0.0) (0.0 0.0 29.8647))) 
(104.9364 ((0.0 0.0 0.0) (0.0 0.0 29.8993))) 
(105.2706 ((0.0 0.0 0.0) (0.0 0.0 29.9288))) 
(105.6048 ((0.0 0.0 0.0) (0.0 0.0 29.9532))) 
(105.9389 ((0.0 0.0 0.0) (0.0 0.0 29.9725))) 
(106.2731 ((0.0 0.0 0.0) (0.0 0.0 29.9867))) 
(106.6073 ((0.0 0.0 0.0) (0.0 0.0 29.9958))) 
(106.9415 ((0.0 0.0 0.0) (0.0 0.0 29.9998))) 
(107.2757 ((0.0 0.0 0.0) (0.0 0.0 29.9987))) 
(107.6099 ((0.0 0.0 0.0) (0.0 0.0 29.9925))) 
(107.9441 ((0.0 0.0 0.0) (0.0 0.0 29.9812))) 
(108.2783 ((0.0 0.0 0.0) (0.0 0.0 29.9649))) 
(108.6125 ((0.0 0.0 0.0) (0.0 0.0 29.9434))) 
(108.9467 ((0.0 0.0 0.0) (0.0 0.0 29.9168))) 
(109.2809 ((0.0 0.0 0.0) (0.0 0.0 29.8851))) 
(109.6151 ((0.0 0.0 0.0) (0.0 0.0 29.8483))) 
(109.9493 ((0.0 0.0 0.0) (0.0 0.0 29.8064))) 
(110.2834 ((0.0 0.0 0.0) (0.0 0.0 29.7593))) 
(110.6176 ((0.0 0.0 0.0) (0.0 0.0 29.7071))) 
(110.9518 ((0.0 0.0 0.0) (0.0 0.0 29.6498))) 
(111.286 ((0.0 0.0 0.0) (0.0 0.0 29.5873))) 
(111.6202 ((0.0 0.0 0.0) (0.0 0.0 29.5196))) 
(111.9544 ((0.0 0.0 0.0) (0.0 0.0 29.4467))) 
(112.2886 ((0.0 0.0 0.0) (0.0 0.0 29.3687))) 
(112.6228 ((0.0 0.0 0.0) (0.0 0.0 29.2855))) 
(112.957 ((0.0 0.0 0.0) (0.0 0.0 29.197))) 
(113.2912 ((0.0 0.0 0.0) (0.0 0.0 29.1033))) 
(113.6254 ((0.0 0.0 0.0) (0.0 0.0 29.0043))) 
(113.9596 ((0.0 0.0 0.0) (0.0 0.0 28.9001))) 
(114.2938 ((0.0 0.0 0.0) (0.0 0.0 28.7906))) 
(114.6279 ((0.0 0.0 0.0) (0.0 0.0 28.6759))) 
(114.9621 ((0.0 0.0 0.0) (0.0 0.0 28.5557))) 
(115.2963 ((0.0 0.0 0.0) (0.0 0.0 28.4303))) 
(115.6305 ((0.0 0.0 0.0) (0.0 0.0 28.2995))) 
(115.9647 ((0.0 0.0 0.0) (0.0 0.0 28.1633))) 
(116.2989 ((0.0 0.0 0.0) (0.0 0.0 28.0218))) 
(116.6331 ((0.0 0.0 0.0) (0.0 0.0 27.8748))) 
(116.9673 ((0.0 0.0 0.0) (0.0 0.0 27.7224))) 
(117.3015 ((0.0 0.0 0.0) (0.0 0.0 27.5646))) 
(117.6357 ((0.0 0.0 0.0) (0.0 0.0 27.4013))) 
(117.9699 ((0.0 0.0 0.0) (0.0 0.0 27.2325))) 
(118.3041 ((0.0 0.0 0.0) (0.0 0.0 27.0582))) 
(118.6383 ((0.0 0.0 0.0) (0.0 0.0 26.8783))) 
(118.9724 ((0.0 0.0 0.0) (0.0 0.0 26.6929))) 
(119.3066 ((0.0 0.0 0.0) (0.0 0.0 26.502))) 
(119.6408 ((0.0 0.0 0.0) (0.0 0.0 26.3055))) 
(119.975 ((0.0 0.0 0.0) (0.0 0.0 26.1033))) 
(120.3092 ((0.0 0.0 0.0) (0.0 0.0 25.8956))) 
(120.6434 ((0.0 0.0 0.0) (0.0 0.0 25.6822))) 
(120.9776 ((0.0 0.0 0.0) (0.0 0.0 25.4631))) 
(121.3118 ((0.0 0.0 0.0) (0.0 0.0 25.2384))) 
(121.646 ((0.0 0.0 0.0) (0.0 0.0 25.0079))) 
(121.9802 ((0.0 0.0 0.0) (0.0 0.0 24.7718))) 
(122.3144 ((0.0 0.0 0.0) (0.0 0.0 24.53))) 
(122.6486 ((0.0 0.0 0.0) (0.0 0.0 24.2824))) 
(122.9828 ((0.0 0.0 0.0) (0.0 0.0 24.0292))) 
(123.3169 ((0.0 0.0 0.0) (0.0 0.0 23.7701))) 
(123.6511 ((0.0 0.0 0.0) (0.0 0.0 23.5053))) 
(123.9853 ((0.0 0.0 0.0) (0.0 0.0 23.2348))) 
(124.3195 ((0.0 0.0 0.0) (0.0 0.0 22.9585))) 
(124.6537 ((0.0 0.0 0.0) (0.0 0.0 22.6765))) 
(124.9879 ((0.0 0.0 0.0) (0.0 0.0 22.3886))) 
(125.3221 ((0.0 0.0 0.0) (0.0 0.0 22.0951))) 
(125.6563 ((0.0 0.0 0.0) (0.0 0.0 21.7957))) 
(125.9905 ((0.0 0.0 0.0) (0.0 0.0 21.4907))) 
(126.3247 ((0.0 0.0 0.0) (0.0 0.0 21.1799))) 
(126.6589 ((0.0 0.0 0.0) (0.0 0.0 20.8633))) 
(126.9931 ((0.0 0.0 0.0) (0.0 0.0 20.5411))) 
(127.3273 ((0.0 0.0 0.0) (0.0 0.0 20.2132))) 
(127.6614 ((0.0 0.0 0.0) (0.0 0.0 19.8796))) 
(127.9956 ((0.0 0.0 0.0) (0.0 0.0 19.5404))) 
(128.3298 ((0.0 0.0 0.0) (0.0 0.0 19.1956))) 
(128.664 ((0.0 0.0 0.0) (0.0 0.0 18.8451))) 
(128.9982 ((0.0 0.0 0.0) (0.0 0.0 18.4892))) 
(129.3324 ((0.0 0.0 0.0) (0.0 0.0 18.1277))) 
(129.6666 ((0.0 0.0 0.0) (0.0 0.0 17.7608))) 
(130.0008 ((0.0 0.0 0.0) (0.0 0.0 17.3885))) 
(130.335 ((0.0 0.0 0.0) (0.0 0.0 17.0108))) 
(130.6692 ((0.0 0.0 0.0) (0.0 0.0 16.6279))) 
(131.0034 ((0.0 0.0 0.0) (0.0 0.0 16.2397))) 
(131.3376 ((0.0 0.0 0.0) (0.0 0.0 15.8463))) 
(131.6718 ((0.0 0.0 0.0) (0.0 0.0 15.4478))) 
(132.0059 ((0.0 0.0 0.0) (0.0 0.0 15.0443))) 
(132.3401 ((0.0 0.0 0.0) (0.0 0.0 14.6358))) 
(132.6743 ((0.0 0.0 0.0) (0.0 0.0 14.2225))) 
(133.0085 ((0.0 0.0 0.0) (0.0 0.0 13.8044))) 
(133.3427 ((0.0 0.0 0.0) (0.0 0.0 13.3816))) 
(133.6769 ((0.0 0.0 0.0) (0.0 0.0 12.9542))) 
(134.0111 ((0.0 0.0 0.0) (0.0 0.0 12.5224))) 
(134.3453 ((0.0 0.0 0.0) (0.0 0.0 12.0862))) 
(134.6795 ((0.0 0.0 0.0) (0.0 0.0 11.6457))) 
(135.0137 ((0.0 0.0 0.0) (0.0 0.0 11.2011))) 
(135.3479 ((0.0 0.0 0.0) (0.0 0.0 10.7525))) 
(135.6821 ((0.0 0.0 0.0) (0.0 0.0 10.3001))) 
(136.0163 ((0.0 0.0 0.0) (0.0 0.0 9.8438))) 
(136.3504 ((0.0 0.0 0.0) (0.0 0.0 9.384))) 
(136.6846 ((0.0 0.0 0.0) (0.0 0.0 8.9207))) 
(137.0188 ((0.0 0.0 0.0) (0.0 0.0 8.4541))) 
(137.353 ((0.0 0.0 0.0) (0.0 0.0 7.9843))) 
(137.6872 ((0.0 0.0 0.0) (0.0 0.0 7.5116))) 
(138.0214 ((0.0 0.0 0.0) (0.0 0.0 7.036))) 
(138.3556 ((0.0 0.0 0.0) (0.0 0.0 6.5577))) 
(138.6898 ((0.0 0.0 0.0) (0.0 0.0 6.0769))) 
(139.024 ((0.0 0.0 0.0) (0.0 0.0 5.5937))) 
(139.3582 ((0.0 0.0 0.0) (0.0 0.0 5.1085))) 
(139.6924 ((0.0 0.0 0.0) (0.0 0.0 4.6212))) 
(140.0266 ((0.0 0.0 0.0) (0.0 0.0 4.1321))) 
(140.3607 ((0.0 0.0 0.0) (0.0 0.0 3.6414))) 
(140.6949 ((0.0 0.0 0.0) (0.0 0.0 3.1493))) 
(141.0291 ((0.0 0.0 0.0) (0.0 0.0 2.656))) 
(141.3633 ((0.0 0.0 0.0) (0.0 0.0 2.1616))) 
(141.6975 ((0.0 0.0 0.0) (0.0 0.0 1.6663))) 
(142.0317 ((0.0 0.0 0.0) (0.0 0.0 1.1704))) 
(142.3659 ((0.0 0.0 0.0) (0.0 0.0 0.674))) 
(142.7001 ((0.0 0.0 0.0) (0.0 0.0 0.1774))) 
(143.0343 ((0.0 0.0 0.0) (0.0 0.0 -0.3193))) 
(143.3685 ((0.0 0.0 0.0) (0.0 0.0 -0.8159))) 
(143.7027 ((0.0 0.0 0.0) (0.0 0.0 -1.3121))) 
(144.0369 ((0.0 0.0 0.0) (0.0 0.0 -1.8079))) 
(144.3711 ((0.0 0.0 0.0) (0.0 0.0 -2.3029))) 
(144.7052 ((0.0 0.0 0.0) (0.0 0.0 -2.797))) 
(145.0394 ((0.0 0.0 0.0) (0.0 0.0 -3.29))) 
(145.3736 ((0.0 0.0 0.0) (0.0 0.0 -3.7818))) 
(145.7078 ((0.0 0.0 0.0) (0.0 0.0 -4.272))) 
(146.042 ((0.0 0.0 0.0) (0.0 0.0 -4.7606))) 
(146.3762 ((0.0 0.0 0.0) (0.0 0.0 -5.2473))) 
(146.7104 ((0.0 0.0 0.0) (0.0 0.0 -5.732))) 
(147.0446 ((0.0 0.0 0.0) (0.0 0.0 -6.2145))) 
(147.3788 ((0.0 0.0 0.0) (0.0 0.0 -6.6946))) 
(147.713 ((0.0 0.0 0.0) (0.0 0.0 -7.1721))) 
(148.0472 ((0.0 0.0 0.0) (0.0 0.0 -7.647))) 
(148.3814 ((0.0 0.0 0.0) (0.0 0.0 -8.1189))) 
(148.7156 ((0.0 0.0 0.0) (0.0 0.0 -8.5878))) 
(149.0497 ((0.0 0.0 0.0) (0.0 0.0 -9.0534))) 
(149.3839 ((0.0 0.0 0.0) (0.0 0.0 -9.5157))) 
(149.7181 ((0.0 0.0 0.0) (0.0 0.0 -9.9746))) 
(150.0523 ((0.0 0.0 0.0) (0.0 0.0 -10.4297))) 
(150.3865 ((0.0 0.0 0.0) (0.0 0.0 -10.8811))) 
(150.7207 ((0.0 0.0 0.0) (0.0 0.0 -11.3286))) 
(151.0549 ((0.0 0.0 0.0) (0.0 0.0 -11.772))) 
(151.3891 ((0.0 0.0 0.0) (0.0 0.0 -12.2112))) 
(151.7233 ((0.0 0.0 0.0) (0.0 0.0 -12.6462))) 
(152.0575 ((0.0 0.0 0.0) (0.0 0.0 -13.0768))) 
(152.3917 ((0.0 0.0 0.0) (0.0 0.0 -13.5029))) 
(152.7259 ((0.0 0.0 0.0) (0.0 0.0 -13.9243))) 
(153.0601 ((0.0 0.0 0.0) (0.0 0.0 -14.3411))) 
(153.3942 ((0.0 0.0 0.0) (0.0 0.0 -14.753))) 
(153.7284 ((0.0 0.0 0.0) (0.0 0.0 -15.1601))) 
(154.0626 ((0.0 0.0 0.0) (0.0 0.0 -15.5622))) 
(154.3968 ((0.0 0.0 0.0) (0.0 0.0 -15.9592))) 
(154.731 ((0.0 0.0 0.0) (0.0 0.0 -16.3511))) 
(155.0652 ((0.0 0.0 0.0) (0.0 0.0 -16.7378))) 
(155.3994 ((0.0 0.0 0.0) (0.0 0.0 -17.1193))) 
(155.7336 ((0.0 0.0 0.0) (0.0 0.0 -17.4954))) 
(156.0678 ((0.0 0.0 0.0) (0.0 0.0 -17.8662))) 
(156.402 ((0.0 0.0 0.0) (0.0 0.0 -18.2316))) 
(156.7362 ((0.0 0.0 0.0) (0.0 0.0 -18.5915))) 
(157.0704 ((0.0 0.0 0.0) (0.0 0.0 -18.9458))) 
(157.4046 ((0.0 0.0 0.0) (0.0 0.0 -19.2946))) 
(157.7387 ((0.0 0.0 0.0) (0.0 0.0 -19.6379))) 
(158.0729 ((0.0 0.0 0.0) (0.0 0.0 -19.9755))) 
(158.4071 ((0.0 0.0 0.0) (0.0 0.0 -20.3075))) 
(158.7413 ((0.0 0.0 0.0) (0.0 0.0 -20.6338))) 
(159.0755 ((0.0 0.0 0.0) (0.0 0.0 -20.9544))) 
(159.4097 ((0.0 0.0 0.0) (0.0 0.0 -21.2693))) 
(159.7439 ((0.0 0.0 0.0) (0.0 0.0 -21.5784))) 
(160.0781 ((0.0 0.0 0.0) (0.0 0.0 -21.8819))) 
(160.4123 ((0.0 0.0 0.0) (0.0 0.0 -22.1795))) 
(160.7465 ((0.0 0.0 0.0) (0.0 0.0 -22.4715))) 
(161.0807 ((0.0 0.0 0.0) (0.0 0.0 -22.7576))) 
(161.4149 ((0.0 0.0 0.0) (0.0 0.0 -23.038))) 
(161.7491 ((0.0 0.0 0.0) (0.0 0.0 -23.3127))) 
(162.0832 ((0.0 0.0 0.0) (0.0 0.0 -23.5816))) 
(162.4174 ((0.0 0.0 0.0) (0.0 0.0 -23.8447))) 
(162.7516 ((0.0 0.0 0.0) (0.0 0.0 -24.1021))) 
(163.0858 ((0.0 0.0 0.0) (0.0 0.0 -24.3538))) 
(163.42 ((0.0 0.0 0.0) (0.0 0.0 -24.5997))) 
(163.7542 ((0.0 0.0 0.0) (0.0 0.0 -24.8399))) 
(164.0884 ((0.0 0.0 0.0) (0.0 0.0 -25.0744))) 
(164.4226 ((0.0 0.0 0.0) (0.0 0.0 -25.3032))) 
(164.7568 ((0.0 0.0 0.0) (0.0 0.0 -25.5263))) 
(165.091 ((0.0 0.0 0.0) (0.0 0.0 -25.7437))) 
(165.4252 ((0.0 0.0 0.0) (0.0 0.0 -25.9555))) 
(165.7594 ((0.0 0.0 0.0) (0.0 0.0 -26.1616))) 
(166.0936 ((0.0 0.0 0.0) (0.0 0.0 -26.3622))) 
(166.4277 ((0.0 0.0 0.0) (0.0 0.0 -26.5571))) 
(166.7619 ((0.0 0.0 0.0) (0.0 0.0 -26.7465))) 
(167.0961 ((0.0 0.0 0.0) (0.0 0.0 -26.9303))) 
(167.4303 ((0.0 0.0 0.0) (0.0 0.0 -27.1085))) 
(167.7645 ((0.0 0.0 0.0) (0.0 0.0 -27.2813))) 
(168.0987 ((0.0 0.0 0.0) (0.0 0.0 -27.4485))) 
(168.4329 ((0.0 0.0 0.0) (0.0 0.0 -27.6102))) 
(168.7671 ((0.0 0.0 0.0) (0.0 0.0 -27.7665))) 
(169.1013 ((0.0 0.0 0.0) (0.0 0.0 -27.9174))) 
(169.4355 ((0.0 0.0 0.0) (0.0 0.0 -28.0628))) 
(169.7697 ((0.0 0.0 0.0) (0.0 0.0 -28.2028))) 
(170.1039 ((0.0 0.0 0.0) (0.0 0.0 -28.3374))) 
(170.4381 ((0.0 0.0 0.0) (0.0 0.0 -28.4667))) 
(170.7722 ((0.0 0.0 0.0) (0.0 0.0 -28.5906))) 
(171.1064 ((0.0 0.0 0.0) (0.0 0.0 -28.7092))) 
(171.4406 ((0.0 0.0 0.0) (0.0 0.0 -28.8225))) 
(171.7748 ((0.0 0.0 0.0) (0.0 0.0 -28.9304))) 
(172.109 ((0.0 0.0 0.0) (0.0 0.0 -29.0332))) 
(172.4432 ((0.0 0.0 0.0) (0.0 0.0 -29.1306))) 
(172.7774 ((0.0 0.0 0.0) (0.0 0.0 -29.2228))) 
(173.1116 ((0.0 0.0 0.0) (0.0 0.0 -29.3098))) 
(173.4458 ((0.0 0.0 0.0) (0.0 0.0 -29.3915))) 
(173.78 ((0.0 0.0 0.0) (0.0 0.0 -29.4681))) 
(174.1142 ((0.0 0.0 0.0) (0.0 0.0 -29.5395))) 
(174.4484 ((0.0 0.0 0.0) (0.0 0.0 -29.6056))) 
(174.7826 ((0.0 0.0 0.0) (0.0 0.0 -29.6667))) 
(175.1167 ((0.0 0.0 0.0) (0.0 0.0 -29.7225))) 
(175.4509 ((0.0 0.0 0.0) (0.0 0.0 -29.7733))) 
(175.7851 ((0.0 0.0 0.0) (0.0 0.0 -29.8189))) 
(176.1193 ((0.0 0.0 0.0) (0.0 0.0 -29.8593))) 
(176.4535 ((0.0 0.0 0.0) (0.0 0.0 -29.8947))) 
(176.7877 ((0.0 0.0 0.0) (0.0 0.0 -29.9249))) 
(177.1219 ((0.0 0.0 0.0) (0.0 0.0 -29.95))) 
(177.4561 ((0.0 0.0 0.0) (0.0 0.0 -29.9701))) 
(177.7903 ((0.0 0.0 0.0) (0.0 0.0 -29.985))) 
(178.1245 ((0.0 0.0 0.0) (0.0 0.0 -29.9948))) 
(178.4587 ((0.0 0.0 0.0) (0.0 0.0 -29.9995))) 
(178.7929 ((0.0 0.0 0.0) (0.0 0.0 -29.9992))) 
(179.1271 ((0.0 0.0 0.0) (0.0 0.0 -29.9937))) 
(179.4612 ((0.0 0.0 0.0) (0.0 0.0 -29.9832))) 
(179.7954 ((0.0 0.0 0.0) (0.0 0.0 -29.9675))) 
(180.1296 ((0.0 0.0 0.0) (0.0 0.0 -29.9468))) 
(180.4638 ((0.0 0.0 0.0) (0.0 0.0 -29.9209))) 
(180.798 ((0.0 0.0 0.0) (0.0 0.0 -29.8899))) 
(181.1322 ((0.0 0.0 0.0) (0.0 0.0 -29.8539))) 
(181.4664 ((0.0 0.0 0.0) (0.0 0.0 -29.8127))) 
(181.8006 ((0.0 0.0 0.0) (0.0 0.0 -29.7663))) 
(182.1348 ((0.0 0.0 0.0) (0.0 0.0 -29.7149))) 
(182.469 ((0.0 0.0 0.0) (0.0 0.0 -29.6583))) 
(182.8032 ((0.0 0.0 0.0) (0.0 0.0 -29.5965))) 
(183.1374 ((0.0 0.0 0.0) (0.0 0.0 -29.5296))) 
(183.4716 ((0.0 0.0 0.0) (0.0 0.0 -29.4575))) 
(183.8057 ((0.0 0.0 0.0) (0.0 0.0 -29.3802))) 
(184.1399 ((0.0 0.0 0.0) (0.0 0.0 -29.2977))) 
(184.4741 ((0.0 0.0 0.0) (0.0 0.0 -29.21))) 
(184.8083 ((0.0 0.0 0.0) (0.0 0.0 -29.117))) 
(185.1425 ((0.0 0.0 0.0) (0.0 0.0 -29.0188))) 
(185.4767 ((0.0 0.0 0.0) (0.0 0.0 -28.9153))) 
(185.8109 ((0.0 0.0 0.0) (0.0 0.0 -28.8066))) 
(186.1451 ((0.0 0.0 0.0) (0.0 0.0 -28.6926))) 
(186.4793 ((0.0 0.0 0.0) (0.0 0.0 -28.5732))) 
(186.8135 ((0.0 0.0 0.0) (0.0 0.0 -28.4486))) 
(187.1477 ((0.0 0.0 0.0) (0.0 0.0 -28.3185))) 
(187.4819 ((0.0 0.0 0.0) (0.0 0.0 -28.1831))) 
(187.8161 ((0.0 0.0 0.0) (0.0 0.0 -28.0423))) 
(188.1502 ((0.0 0.0 0.0) (0.0 0.0 -27.8962))) 
(188.4844 ((0.0 0.0 0.0) (0.0 0.0 -27.7445))) 
(188.8186 ((0.0 0.0 0.0) (0.0 0.0 -27.5875))) 
(189.1528 ((0.0 0.0 0.0) (0.0 0.0 -27.4249))) 
(189.487 ((0.0 0.0 0.0) (0.0 0.0 -27.2569))) 
(189.8212 ((0.0 0.0 0.0) (0.0 0.0 -27.0834))) 
(190.1554 ((0.0 0.0 0.0) (0.0 0.0 -26.9044))) 
(190.4896 ((0.0 0.0 0.0) (0.0 0.0 -26.7198))) 
(190.8238 ((0.0 0.0 0.0) (0.0 0.0 -26.5296))) 
(191.158 ((0.0 0.0 0.0) (0.0 0.0 -26.3339))) 
(191.4922 ((0.0 0.0 0.0) (0.0 0.0 -26.1325))) 
(191.8264 ((0.0 0.0 0.0) (0.0 0.0 -25.9256))) 
(192.1605 ((0.0 0.0 0.0) (0.0 0.0 -25.713))) 
(192.4947 ((0.0 0.0 0.0) (0.0 0.0 -25.4947))) 
(192.8289 ((0.0 0.0 0.0) (0.0 0.0 -25.2708))) 
(193.1631 ((0.0 0.0 0.0) (0.0 0.0 -25.0412))) 
(193.4973 ((0.0 0.0 0.0) (0.0 0.0 -24.8059))) 
(193.8315 ((0.0 0.0 0.0) (0.0 0.0 -24.5649))) 
(194.1657 ((0.0 0.0 0.0) (0.0 0.0 -24.3182))) 
(194.4999 ((0.0 0.0 0.0) (0.0 0.0 -24.0657))) 
(194.8341 ((0.0 0.0 0.0) (0.0 0.0 -23.8075))) 
(195.1683 ((0.0 0.0 0.0) (0.0 0.0 -23.5435))) 
(195.5025 ((0.0 0.0 0.0) (0.0 0.0 -23.2738))) 
(195.8367 ((0.0 0.0 0.0) (0.0 0.0 -22.9983))) 
(196.1709 ((0.0 0.0 0.0) (0.0 0.0 -22.7171))) 
(196.505 ((0.0 0.0 0.0) (0.0 0.0 -22.4301))) 
(196.8392 ((0.0 0.0 0.0) (0.0 0.0 -22.1374))) 
(197.1734 ((0.0 0.0 0.0) (0.0 0.0 -21.8389))) 
(197.5076 ((0.0 0.0 0.0) (0.0 0.0 -21.5346))) 
(197.8418 ((0.0 0.0 0.0) (0.0 0.0 -21.2246))) 
(198.176 ((0.0 0.0 0.0) (0.0 0.0 -20.9089))) 
(198.5102 ((0.0 0.0 0.0) (0.0 0.0 -20.5875))) 
(198.8444 ((0.0 0.0 0.0) (0.0 0.0 -20.2604))) 
(199.1786 ((0.0 0.0 0.0) (0.0 0.0 -19.9276))) 
(199.5128 ((0.0 0.0 0.0) (0.0 0.0 -19.5892))) 
(199.847 ((0.0 0.0 0.0) (0.0 0.0 -19.2452))) 
(200.1812 ((0.0 0.0 0.0) (0.0 0.0 -18.8955))) 
(200.5154 ((0.0 0.0 0.0) (0.0 0.0 -18.5404))) 
(200.8495 ((0.0 0.0 0.0) (0.0 0.0 -18.1797))) 
(201.1837 ((0.0 0.0 0.0) (0.0 0.0 -17.8136))) 
(201.5179 ((0.0 0.0 0.0) (0.0 0.0 -17.442))) 
(201.8521 ((0.0 0.0 0.0) (0.0 0.0 -17.0651))) 
(202.1863 ((0.0 0.0 0.0) (0.0 0.0 -16.6829))) 
(202.5205 ((0.0 0.0 0.0) (0.0 0.0 -16.2954))) 
(202.8547 ((0.0 0.0 0.0) (0.0 0.0 -15.9028))) 
(203.1889 ((0.0 0.0 0.0) (0.0 0.0 -15.505))) 
(203.5231 ((0.0 0.0 0.0) (0.0 0.0 -15.1022))) 
(203.8573 ((0.0 0.0 0.0) (0.0 0.0 -14.6945))) 
(204.1915 ((0.0 0.0 0.0) (0.0 0.0 -14.2818))) 
(204.5257 ((0.0 0.0 0.0) (0.0 0.0 -13.8644))) 
(204.8599 ((0.0 0.0 0.0) (0.0 0.0 -13.4423))) 
(205.194 ((0.0 0.0 0.0) (0.0 0.0 -13.0155))) 
(205.5282 ((0.0 0.0 0.0) (0.0 0.0 -12.5843))) 
(205.8624 ((0.0 0.0 0.0) (0.0 0.0 -12.1488))) 
(206.1966 ((0.0 0.0 0.0) (0.0 0.0 -11.7089))) 
(206.5308 ((0.0 0.0 0.0) (0.0 0.0 -11.2649))) 
(206.865 ((0.0 0.0 0.0) (0.0 0.0 -10.8169))) 
(207.1992 ((0.0 0.0 0.0) (0.0 0.0 -10.3649))) 
(207.5334 ((0.0 0.0 0.0) (0.0 0.0 -9.9092))) 
(207.8676 ((0.0 0.0 0.0) (0.0 0.0 -9.4499))) 
(208.2018 ((0.0 0.0 0.0) (0.0 0.0 -8.9871))) 
(208.536 ((0.0 0.0 0.0) (0.0 0.0 -8.521))) 
(208.8702 ((0.0 0.0 0.0) (0.0 0.0 -8.0516))) 
(209.2044 ((0.0 0.0 0.0) (0.0 0.0 -7.5793))) 
(209.5385 ((0.0 0.0 0.0) (0.0 0.0 -7.1041))) 
(209.8727 ((0.0 0.0 0.0) (0.0 0.0 -6.6262))) 
(210.2069 ((0.0 0.0 0.0) (0.0 0.0 -6.1457))) 
(210.5411 ((0.0 0.0 0.0) (0.0 0.0 -5.6629))) 
(210.8753 ((0.0 0.0 0.0) (0.0 0.0 -5.1779))) 
(211.2095 ((0.0 0.0 0.0) (0.0 0.0 -4.6909))) 
(211.5437 ((0.0 0.0 0.0) (0.0 0.0 -4.2021))) 
(211.8779 ((0.0 0.0 0.0) (0.0 0.0 -3.7116))) 
(212.2121 ((0.0 0.0 0.0) (0.0 0.0 -3.2197))) 
(212.5463 ((0.0 0.0 0.0) (0.0 0.0 -2.7265))) 
(212.8805 ((0.0 0.0 0.0) (0.0 0.0 -2.2322))) 
(213.2147 ((0.0 0.0 0.0) (0.0 0.0 -1.7371))) 
(213.5489 ((0.0 0.0 0.0) (0.0 0.0 -1.2413))) 
(213.883 ((0.0 0.0 0.0) (0.0 0.0 -0.745))) 
(214.2172 ((0.0 0.0 0.0) (0.0 0.0 -0.2484))) 
(214.5514 ((0.0 0.0 0.0) (0.0 0.0 0.2484))) 
(214.8856 ((0.0 0.0 0.0) (0.0 0.0 0.745))) 
(215.2198 ((0.0 0.0 0.0) (0.0 0.0 1.2413))) 
(215.554 ((0.0 0.0 0.0) (0.0 0.0 1.7371))) 
(215.8882 ((0.0 0.0 0.0) (0.0 0.0 2.2322))) 
(216.2224 ((0.0 0.0 0.0) (0.0 0.0 2.7265))) 
(216.5566 ((0.0 0.0 0.0) (0.0 0.0 3.2197))) 
(216.8908 ((0.0 0.0 0.0) (0.0 0.0 3.7116))) 
(217.225 ((0.0 0.0 0.0) (0.0 0.0 4.2021))) 
(217.5592 ((0.0 0.0 0.0) (0.0 0.0 4.6909))) 
(217.8934 ((0.0 0.0 0.0) (0.0 0.0 5.1779))) 
(218.2275 ((0.0 0.0 0.0) (0.0 0.0 5.6629))) 
(218.5617 ((0.0 0.0 0.0) (0.0 0.0 6.1457))) 
(218.8959 ((0.0 0.0 0.0) (0.0 0.0 6.6262))) 
(219.2301 ((0.0 0.0 0.0) (0.0 0.0 7.1041))) 
(219.5643 ((0.0 0.0 0.0) (0.0 0.0 7.5793))) 
(219.8985 ((0.0 0.0 0.0) (0.0 0.0 8.0516))) 
(220.2327 ((0.0 0.0 0.0) (0.0 0.0 8.521))) 
(220.5669 ((0.0 0.0 0.0) (0.0 0.0 8.9871))) 
(220.9011 ((0.0 0.0 0.0) (0.0 0.0 9.4499))) 
(221.2353 ((0.0 0.0 0.0) (0.0 0.0 9.9092))) 
(221.5695 ((0.0 0.0 0.0) (0.0 0.0 10.3649))) 
(221.9037 ((0.0 0.0 0.0) (0.0 0.0 10.8169))) 
(222.2379 ((0.0 0.0 0.0) (0.0 0.0 11.2649))) 
(222.572 ((0.0 0.0 0.0) (0.0 0.0 11.7089))) 
(222.9062 ((0.0 0.0 0.0) (0.0 0.0 12.1488))) 
(223.2404 ((0.0 0.0 0.0) (0.0 0.0 12.5843))) 
(223.5746 ((0.0 0.0 0.0) (0.0 0.0 13.0155))) 
(223.9088 ((0.0 0.0 0.0) (0.0 0.0 13.4423))) 
(224.243 ((0.0 0.0 0.0) (0.0 0.0 13.8644))) 
(224.5772 ((0.0 0.0 0.0) (0.0 0.0 14.2818))) 
(224.9114 ((0.0 0.0 0.0) (0.0 0.0 14.6945))) 
(225.2456 ((0.0 0.0 0.0) (0.0 0.0 15.1022))) 
(225.5798 ((0.0 0.0 0.0) (0.0 0.0 15.505))) 
(225.914 ((0.0 0.0 0.0) (0.0 0.0 15.9028))) 
(226.2482 ((0.0 0.0 0.0) (0.0 0.0 16.2954))) 
(226.5824 ((0.0 0.0 0.0) (0.0 0.0 16.6829))) 
(226.9165 ((0.0 0.0 0.0) (0.0 0.0 17.0651))) 
(227.2507 ((0.0 0.0 0.0) (0.0 0.0 17.442))) 
(227.5849 ((0.0 0.0 0.0) (0.0 0.0 17.8136))) 
(227.9191 ((0.0 0.0 0.0) (0.0 0.0 18.1797))) 
(228.2533 ((0.0 0.0 0.0) (0.0 0.0 18.5404))) 
(228.5875 ((0.0 0.0 0.0) (0.0 0.0 18.8955))) 
(228.9217 ((0.0 0.0 0.0) (0.0 0.0 19.2452))) 
(229.2559 ((0.0 0.0 0.0) (0.0 0.0 19.5892))) 
(229.5901 ((0.0 0.0 0.0) (0.0 0.0 19.9276))) 
(229.9243 ((0.0 0.0 0.0) (0.0 0.0 20.2604))) 
(230.2585 ((0.0 0.0 0.0) (0.0 0.0 20.5875))) 
(230.5927 ((0.0 0.0 0.0) (0.0 0.0 20.9089))) 
(230.9269 ((0.0 0.0 0.0) (0.0 0.0 21.2246))) 
(231.261 ((0.0 0.0 0.0) (0.0 0.0 21.5346))) 
(231.5952 ((0.0 0.0 0.0) (0.0 0.0 21.8389))) 
(231.9294 ((0.0 0.0 0.0) (0.0 0.0 22.1374))) 
(232.2636 ((0.0 0.0 0.0) (0.0 0.0 22.4301))) 
(232.5978 ((0.0 0.0 0.0) (0.0 0.0 22.7171))) 
(232.932 ((0.0 0.0 0.0) (0.0 0.0 22.9983))) 
(233.2662 ((0.0 0.0 0.0) (0.0 0.0 23.2738))) 
(233.6004 ((0.0 0.0 0.0) (0.0 0.0 23.5435))) 
(233.9346 ((0.0 0.0 0.0) (0.0 0.0 23.8075))) 
(234.2688 ((0.0 0.0 0.0) (0.0 0.0 24.0657))) 
(234.603 ((0.0 0.0 0.0) (0.0 0.0 24.3182))) 
(234.9372 ((0.0 0.0 0.0) (0.0 0.0 24.5649))) 
(235.2714 ((0.0 0.0 0.0) (0.0 0.0 24.8059))) 
(235.6055 ((0.0 0.0 0.0) (0.0 0.0 25.0412))) 
(235.9397 ((0.0 0.0 0.0) (0.0 0.0 25.2708))) 
(236.2739 ((0.0 0.0 0.0) (0.0 0.0 25.4947))) 
(236.6081 ((0.0 0.0 0.0) (0.0 0.0 25.713))) 
(236.9423 ((0.0 0.0 0.0) (0.0 0.0 25.9256))) 
(237.2765 ((0.0 0.0 0.0) (0.0 0.0 26.1325))) 
(237.6107 ((0.0 0.0 0.0) (0.0 0.0 26.3339))) 
(237.9449 ((0.0 0.0 0.0) (0.0 0.0 26.5296))) 
(238.2791 ((0.0 0.0 0.0) (0.0 0.0 26.7198))) 
(238.6133 ((0.0 0.0 0.0) (0.0 0.0 26.9044))) 
(238.9475 ((0.0 0.0 0.0) (0.0 0.0 27.0834))) 
(239.2817 ((0.0 0.0 0.0) (0.0 0.0 27.2569))) 
(239.6159 ((0.0 0.0 0.0) (0.0 0.0 27.4249))) 
(239.95 ((0.0 0.0 0.0) (0.0 0.0 27.5875))) 
(240.2842 ((0.0 0.0 0.0) (0.0 0.0 27.7445))) 
(240.6184 ((0.0 0.0 0.0) (0.0 0.0 27.8962))) 
(240.9526 ((0.0 0.0 0.0) (0.0 0.0 28.0423))) 
(241.2868 ((0.0 0.0 0.0) (0.0 0.0 28.1831))) 
(241.621 ((0.0 0.0 0.0) (0.0 0.0 28.3185))) 
(241.9552 ((0.0 0.0 0.0) (0.0 0.0 28.4486))) 
(242.2894 ((0.0 0.0 0.0) (0.0 0.0 28.5732))) 
(242.6236 ((0.0 0.0 0.0) (0.0 0.0 28.6926))) 
(242.9578 ((0.0 0.0 0.0) (0.0 0.0 28.8066))) 
(243.292 ((0.0 0.0 0.0) (0.0 0.0 28.9153))) 
(243.6262 ((0.0 0.0 0.0) (0.0 0.0 29.0188))) 
(243.9604 ((0.0 0.0 0.0) (0.0 0.0 29.117))) 
(244.2945 ((0.0 0.0 0.0) (0.0 0.0 29.21))) 
(244.6287 ((0.0 0.0 0.0) (0.0 0.0 29.2977))) 
(244.9629 ((0.0 0.0 0.0) (0.0 0.0 29.3802))) 
(245.2971 ((0.0 0.0 0.0) (0.0 0.0 29.4575))) 
(245.6313 ((0.0 0.0 0.0) (0.0 0.0 29.5296))) 
(245.9655 ((0.0 0.0 0.0) (0.0 0.0 29.5965))) 
(246.2997 ((0.0 0.0 0.0) (0.0 0.0 29.6583))) 
(246.6339 ((0.0 0.0 0.0) (0.0 0.0 29.7149))) 
(246.9681 ((0.0 0.0 0.0) (0.0 0.0 29.7663))) 
(247.3023 ((0.0 0.0 0.0) (0.0 0.0 29.8127))) 
(247.6365 ((0.0 0.0 0.0) (0.0 0.0 29.8539))) 
(247.9707 ((0.0 0.0 0.0) (0.0 0.0 29.8899))) 
(248.3048 ((0.0 0.0 0.0) (0.0 0.0 29.9209))) 
(248.639 ((0.0 0.0 0.0) (0.0 0.0 29.9468))) 
(248.9732 ((0.0 0.0 0.0) (0.0 0.0 29.9675))) 
(249.3074 ((0.0 0.0 0.0) (0.0 0.0 29.9832))) 
(249.6416 ((0.0 0.0 0.0) (0.0 0.0 29.9937))) 
(249.9758 ((0.0 0.0 0.0) (0.0 0.0 29.9992))) 
(250.31 ((0.0 0.0 0.0) (0.0 0.0 29.9995))) 
(250.6442 ((0.0 0.0 0.0) (0.0 0.0 29.9948))) 
(250.9784 ((0.0 0.0 0.0) (0.0 0.0 29.985))) 
(251.3126 ((0.0 0.0 0.0) (0.0 0.0 29.9701))) 
(251.6468 ((0.0 0.0 0.0) (0.0 0.0 29.95))) 
(251.981 ((0.0 0.0 0.0) (0.0 0.0 29.9249))) 
(252.3152 ((0.0 0.0 0.0) (0.0 0.0 29.8947))) 
(252.6493 ((0.0 0.0 0.0) (0.0 0.0 29.8593))) 
(252.9835 ((0.0 0.0 0.0) (0.0 0.0 29.8189))) 
(253.3177 ((0.0 0.0 0.0) (0.0 0.0 29.7733))) 
(253.6519 ((0.0 0.0 0.0) (0.0 0.0 29.7225))) 
(253.9861 ((0.0 0.0 0.0) (0.0 0.0 29.6667))) 
(254.3203 ((0.0 0.0 0.0) (0.0 0.0 29.6056))) 
(254.6545 ((0.0 0.0 0.0) (0.0 0.0 29.5395))) 
(254.9887 ((0.0 0.0 0.0) (0.0 0.0 29.4681))) 
(255.3229 ((0.0 0.0 0.0) (0.0 0.0 29.3915))) 
(255.6571 ((0.0 0.0 0.0) (0.0 0.0 29.3098))) 
(255.9913 ((0.0 0.0 0.0) (0.0 0.0 29.2228))) 
(256.3255 ((0.0 0.0 0.0) (0.0 0.0 29.1306))) 
(256.6597 ((0.0 0.0 0.0) (0.0 0.0 29.0332))) 
(256.9938 ((0.0 0.0 0.0) (0.0 0.0 28.9304))) 
(257.328 ((0.0 0.0 0.0) (0.0 0.0 28.8225))) 
(257.6622 ((0.0 0.0 0.0) (0.0 0.0 28.7092))) 
(257.9964 ((0.0 0.0 0.0) (0.0 0.0 28.5906))) 
(258.3306 ((0.0 0.0 0.0) (0.0 0.0 28.4667))) 
(258.6648 ((0.0 0.0 0.0) (0.0 0.0 28.3374))) 
(258.999 ((0.0 0.0 0.0) (0.0 0.0 28.2028))) 
(259.3332 ((0.0 0.0 0.0) (0.0 0.0 28.0628))) 
(259.6674 ((0.0 0.0 0.0) (0.0 0.0 27.9174))) 
(260.0016 ((0.0 0.0 0.0) (0.0 0.0 27.7665))) 
(260.3358 ((0.0 0.0 0.0) (0.0 0.0 27.6102))) 
(260.67 ((0.0 0.0 0.0) (0.0 0.0 27.4485))) 
(261.0042 ((0.0 0.0 0.0) (0.0 0.0 27.2813))) 
(261.3383 ((0.0 0.0 0.0) (0.0 0.0 27.1085))) 
(261.6725 ((0.0 0.0 0.0) (0.0 0.0 26.9303))) 
(262.0067 ((0.0 0.0 0.0) (0.0 0.0 26.7465))) 
(262.3409 ((0.0 0.0 0.0) (0.0 0.0 26.5571))) 
(262.6751 ((0.0 0.0 0.0) (0.0 0.0 26.3622))) 
(263.0093 ((0.0 0.0 0.0) (0.0 0.0 26.1616))) 
(263.3435 ((0.0 0.0 0.0) (0.0 0.0 25.9555))) 
(263.6777 ((0.0 0.0 0.0) (0.0 0.0 25.7437))) 
(264.0119 ((0.0 0.0 0.0) (0.0 0.0 25.5263))) 
(264.3461 ((0.0 0.0 0.0) (0.0 0.0 25.3032))) 
(264.6803 ((0.0 0.0 0.0) (0.0 0.0 25.0744))) 
(265.0145 ((0.0 0.0 0.0) (0.0 0.0 24.8399))) 
(265.3487 ((0.0 0.0 0.0) (0.0 0.0 24.5997))) 
(265.6828 ((0.0 0.0 0.0) (0.0 0.0 24.3538))) 
(266.017 ((0.0 0.0 0.0) (0.0 0.0 24.1021))) 
(266.3512 ((0.0 0.0 0.0) (0.0 0.0 23.8447))) 
(266.6854 ((0.0 0.0 0.0) (0.0 0.0 23.5816))) 
(267.0196 ((0.0 0.0 0.0) (0.0 0.0 23.3127))) 
(267.3538 ((0.0 0.0 0.0) (0.0 0.0 23.038))) 
(267.688 ((0.0 0.0 0.0) (0.0 0.0 22.7576))) 
(268.0222 ((0.0 0.0 0.0) (0.0 0.0 22.4715))) 
(268.3564 ((0.0 0.0 0.0) (0.0 0.0 22.1795))) 
(268.6906 ((0.0 0.0 0.0) (0.0 0.0 21.8819))) 
(269.0248 ((0.0 0.0 0.0) (0.0 0.0 21.5784))) 
(269.359 ((0.0 0.0 0.0) (0.0 0.0 21.2693))) 
(269.6932 ((0.0 0.0 0.0) (0.0 0.0 20.9544))) 
(270.0273 ((0.0 0.0 0.0) (0.0 0.0 20.6338))) 
(270.3615 ((0.0 0.0 0.0) (0.0 0.0 20.3075))) 
(270.6957 ((0.0 0.0 0.0) (0.0 0.0 19.9755))) 
(271.0299 ((0.0 0.0 0.0) (0.0 0.0 19.6379))) 
(271.3641 ((0.0 0.0 0.0) (0.0 0.0 19.2946))) 
(271.6983 ((0.0 0.0 0.0) (0.0 0.0 18.9458))) 
(272.0325 ((0.0 0.0 0.0) (0.0 0.0 18.5915))) 
(272.3667 ((0.0 0.0 0.0) (0.0 0.0 18.2316))) 
(272.7009 ((0.0 0.0 0.0) (0.0 0.0 17.8662))) 
(273.0351 ((0.0 0.0 0.0) (0.0 0.0 17.4954))) 
(273.3693 ((0.0 0.0 0.0) (0.0 0.0 17.1193))) 
(273.7035 ((0.0 0.0 0.0) (0.0 0.0 16.7378))) 
(274.0377 ((0.0 0.0 0.0) (0.0 0.0 16.3511))) 
(274.3718 ((0.0 0.0 0.0) (0.0 0.0 15.9592))) 
(274.706 ((0.0 0.0 0.0) (0.0 0.0 15.5622))) 
(275.0402 ((0.0 0.0 0.0) (0.0 0.0 15.1601))) 
(275.3744 ((0.0 0.0 0.0) (0.0 0.0 14.753))) 
(275.7086 ((0.0 0.0 0.0) (0.0 0.0 14.3411))) 
(276.0428 ((0.0 0.0 0.0) (0.0 0.0 13.9243))) 
(276.377 ((0.0 0.0 0.0) (0.0 0.0 13.5029))) 
(276.7112 ((0.0 0.0 0.0) (0.0 0.0 13.0768))) 
(277.0454 ((0.0 0.0 0.0) (0.0 0.0 12.6462))) 
(277.3796 ((0.0 0.0 0.0) (0.0 0.0 12.2112))) 
(277.7138 ((0.0 0.0 0.0) (0.0 0.0 11.772))) 
(278.048 ((0.0 0.0 0.0) (0.0 0.0 11.3286))) 
(278.3822 ((0.0 0.0 0.0) (0.0 0.0 10.8811))) 
(278.7163 ((0.0 0.0 0.0) (0.0 0.0 10.4297))) 
(279.0505 ((0.0 0.0 0.0) (0.0 0.0 9.9746))) 
(279.3847 ((0.0 0.0 0.0) (0.0 0.0 9.5157))) 
(279.7189 ((0.0 0.0 0.0) (0.0 0.0 9.0534))) 
(280.0531 ((0.0 0.0 0.0) (0.0 0.0 8.5878))) 
(280.3873 ((0.0 0.0 0.0) (0.0 0.0 8.1189))) 
(280.7215 ((0.0 0.0 0.0) (0.0 0.0 7.647))) 
(281.0557 ((0.0 0.0 0.0) (0.0 0.0 7.1721))) 
(281.3899 ((0.0 0.0 0.0) (0.0 0.0 6.6946))) 
(281.7241 ((0.0 0.0 0.0) (0.0 0.0 6.2145))) 
(282.0583 ((0.0 0.0 0.0) (0.0 0.0 5.732))) 
(282.3925 ((0.0 0.0 0.0) (0.0 0.0 5.2473))) 
(282.7267 ((0.0 0.0 0.0) (0.0 0.0 4.7606))) 
(283.0608 ((0.0 0.0 0.0) (0.0 0.0 4.272))) 
(283.395 ((0.0 0.0 0.0) (0.0 0.0 3.7818))) 
(283.7292 ((0.0 0.0 0.0) (0.0 0.0 3.29))) 
(284.0634 ((0.0 0.0 0.0) (0.0 0.0 2.797))) 
(284.3976 ((0.0 0.0 0.0) (0.0 0.0 2.3029))) 
(284.7318 ((0.0 0.0 0.0) (0.0 0.0 1.8079))) 
(285.066 ((0.0 0.0 0.0) (0.0 0.0 1.3121))) 
(285.4002 ((0.0 0.0 0.0) (0.0 0.0 0.8159))) 
(285.7344 ((0.0 0.0 0.0) (0.0 0.0 0.3193))) 
(286.0686 ((0.0 0.0 0.0) (0.0 0.0 -0.1774))) 
(286.4028 ((0.0 0.0 0.0) (0.0 0.0 -0.674))) 
(286.737 ((0.0 0.0 0.0) (0.0 0.0 -1.1704))) 
(287.0712 ((0.0 0.0 0.0) (0.0 0.0 -1.6663))) 
(287.4053 ((0.0 0.0 0.0) (0.0 0.0 -2.1616))) 
(287.7395 ((0.0 0.0 0.0) (0.0 0.0 -2.656))) 
(288.0737 ((0.0 0.0 0.0) (0.0 0.0 -3.1493))) 
(288.4079 ((0.0 0.0 0.0) (0.0 0.0 -3.6414))) 
(288.7421 ((0.0 0.0 0.0) (0.0 0.0 -4.1321))) 
(289.0763 ((0.0 0.0 0.0) (0.0 0.0 -4.6212))) 
(289.4105 ((0.0 0.0 0.0) (0.0 0.0 -5.1085))) 
(289.7447 ((0.0 0.0 0.0) (0.0 0.0 -5.5937))) 
(290.0789 ((0.0 0.0 0.0) (0.0 0.0 -6.0769))) 
(290.4131 ((0.0 0.0 0.0) (0.0 0.0 -6.5577))) 
(290.7473 ((0.0 0.0 0.0) (0.0 0.0 -7.036))) 
(291.0815 ((0.0 0.0 0.0) (0.0 0.0 -7.5116))) 
(291.4157 ((0.0 0.0 0.0) (0.0 0.0 -7.9843))) 
(291.7498 ((0.0 0.0 0.0) (0.0 0.0 -8.4541))) 
(292.084 ((0.0 0.0 0.0) (0.0 0.0 -8.9207))) 
(292.4182 ((0.0 0.0 0.0) (0.0 0.0 -9.384))) 
(292.7524 ((0.0 0.0 0.0) (0.0 0.0 -9.8438))) 
(293.0866 ((0.0 0.0 0.0) (0.0 0.0 -10.3001))) 
(293.4208 ((0.0 0.0 0.0) (0.0 0.0 -10.7525))) 
(293.755 ((0.0 0.0 0.0) (0.0 0.0 -11.2011))) 
(294.0892 ((0.0 0.0 0.0) (0.0 0.0 -11.6457))) 
(294.4234 ((0.0 0.0 0.0) (0.0 0.0 -12.0862))) 
(294.7576 ((0.0 0.0 0.0) (0.0 0.0 -12.5224))) 
(295.0918 ((0.0 0.0 0.0) (0.0 0.0 -12.9542))) 
(295.426 ((0.0 0.0 0.0) (0.0 0.0 -13.3816))) 
(295.7602 ((0.0 0.0 0.0) (0.0 0.0 -13.8044))) 
(296.0943 ((0.0 0.0 0.0) (0.0 0.0 -14.2225))) 
(296.4285 ((0.0 0.0 0.0) (0.0 0.0 -14.6358))) 
(296.7627 ((0.0 0.0 0.0) (0.0 0.0 -15.0443))) 
(297.0969 ((0.0 0.0 0.0) (0.0 0.0 -15.4478))) 
(297.4311 ((0.0 0.0 0.0) (0.0 0.0 -15.8463))) 
(297.7653 ((0.0 0.0 0.0) (0.0 0.0 -16.2397))) 
(298.0995 ((0.0 0.0 0.0) (0.0 0.0 -16.6279))) 
(298.4337 ((0.0 0.0 0.0) (0.0 0.0 -17.0108))) 
(298.7679 ((0.0 0.0 0.0) (0.0 0.0 -17.3885))) 
(299.1021 ((0.0 0.0 0.0) (0.0 0.0 -17.7608))) 
(299.4363 ((0.0 0.0 0.0) (0.0 0.0 -18.1277))) 
(299.7705 ((0.0 0.0 0.0) (0.0 0.0 -18.4892))) 
(300.1046 ((0.0 0.0 0.0) (0.0 0.0 -18.8451))) 
(300.4388 ((0.0 0.0 0.0) (0.0 0.0 -19.1956))) 
(300.773 ((0.0 0.0 0.0) (0.0 0.0 -19.5404))) 
(301.1072 ((0.0 0.0 0.0) (0.0 0.0 -19.8796))) 
(301.4414 ((0.0 0.0 0.0) (0.0 0.0 -20.2132))) 
(301.7756 ((0.0 0.0 0.0) (0.0 0.0 -20.5411))) 
(302.1098 ((0.0 0.0 0.0) (0.0 0.0 -20.8633))) 
(302.444 ((0.0 0.0 0.0) (0.0 0.0 -21.1799))) 
(302.7782 ((0.0 0.0 0.0) (0.0 0.0 -21.4907))) 
(303.1124 ((0.0 0.0 0.0) (0.0 0.0 -21.7957))) 
(303.4466 ((0.0 0.0 0.0) (0.0 0.0 -22.0951))) 
(303.7808 ((0.0 0.0 0.0) (0.0 0.0 -22.3886))) 
(304.115 ((0.0 0.0 0.0) (0.0 0.0 -22.6765))) 
(304.4491 ((0.0 0.0 0.0) (0.0 0.0 -22.9585))) 
(304.7833 ((0.0 0.0 0.0) (0.0 0.0 -23.2348))) 
(305.1175 ((0.0 0.0 0.0) (0.0 0.0 -23.5053))) 
(305.4517 ((0.0 0.0 0.0) (0.0 0.0 -23.7701))) 
(305.7859 ((0.0 0.0 0.0) (0.0 0.0 -24.0292))) 
(306.1201 ((0.0 0.0 0.0) (0.0 0.0 -24.2824))) 
(306.4543 ((0.0 0.0 0.0) (0.0 0.0 -24.53))) 
(306.7885 ((0.0 0.0 0.0) (0.0 0.0 -24.7718))) 
(307.1227 ((0.0 0.0 0.0) (0.0 0.0 -25.0079))) 
(307.4569 ((0.0 0.0 0.0) (0.0 0.0 -25.2384))) 
(307.7911 ((0.0 0.0 0.0) (0.0 0.0 -25.4631))) 
(308.1253 ((0.0 0.0 0.0) (0.0 0.0 -25.6822))) 
(308.4595 ((0.0 0.0 0.0) (0.0 0.0 -25.8956))) 
(308.7936 ((0.0 0.0 0.0) (0.0 0.0 -26.1033))) 
(309.1278 ((0.0 0.0 0.0) (0.0 0.0 -26.3055))) 
(309.462 ((0.0 0.0 0.0) (0.0 0.0 -26.502))) 
(309.7962 ((0.0 0.0 0.0) (0.0 0.0 -26.6929))) 
(310.1304 ((0.0 0.0 0.0) (0.0 0.0 -26.8783))) 
(310.4646 ((0.0 0.0 0.0) (0.0 0.0 -27.0582))) 
(310.7988 ((0.0 0.0 0.0) (0.0 0.0 -27.2325))) 
(311.133 ((0.0 0.0 0.0) (0.0 0.0 -27.4013))) 
(311.4672 ((0.0 0.0 0.0) (0.0 0.0 -27.5646))) 
(311.8014 ((0.0 0.0 0.0) (0.0 0.0 -27.7224))) 
(312.1356 ((0.0 0.0 0.0) (0.0 0.0 -27.8748))) 
(312.4698 ((0.0 0.0 0.0) (0.0 0.0 -28.0218))) 
(312.804 ((0.0 0.0 0.0) (0.0 0.0 -28.1633))) 
(313.1381 ((0.0 0.0 0.0) (0.0 0.0 -28.2995))) 
(313.4723 ((0.0 0.0 0.0) (0.0 0.0 -28.4303))) 
(313.8065 ((0.0 0.0 0.0) (0.0 0.0 -28.5557))) 
(314.1407 ((0.0 0.0 0.0) (0.0 0.0 -28.6759))) 
(314.4749 ((0.0 0.0 0.0) (0.0 0.0 -28.7906))) 
(314.8091 ((0.0 0.0 0.0) (0.0 0.0 -28.9001))) 
(315.1433 ((0.0 0.0 0.0) (0.0 0.0 -29.0043))) 
(315.4775 ((0.0 0.0 0.0) (0.0 0.0 -29.1033))) 
(315.8117 ((0.0 0.0 0.0) (0.0 0.0 -29.197))) 
(316.1459 ((0.0 0.0 0.0) (0.0 0.0 -29.2855))) 
(316.4801 ((0.0 0.0 0.0) (0.0 0.0 -29.3687))) 
(316.8143 ((0.0 0.0 0.0) (0.0 0.0 -29.4467))) 
(317.1485 ((0.0 0.0 0.0) (0.0 0.0 -29.5196))) 
(317.4826 ((0.0 0.0 0.0) (0.0 0.0 -29.5873))) 
(317.8168 ((0.0 0.0 0.0) (0.0 0.0 -29.6498))) 
(318.151 ((0.0 0.0 0.0) (0.0 0.0 -29.7071))) 
(318.4852 ((0.0 0.0 0.0) (0.0 0.0 -29.7593))) 
(318.8194 ((0.0 0.0 0.0) (0.0 0.0 -29.8064))) 
(319.1536 ((0.0 0.0 0.0) (0.0 0.0 -29.8483))) 
(319.4878 ((0.0 0.0 0.0) (0.0 0.0 -29.8851))) 
(319.822 ((0.0 0.0 0.0) (0.0 0.0 -29.9168))) 
(320.1562 ((0.0 0.0 0.0) (0.0 0.0 -29.9434))) 
(320.4904 ((0.0 0.0 0.0) (0.0 0.0 -29.9649))) 
(320.8246 ((0.0 0.0 0.0) (0.0 0.0 -29.9812))) 
(321.1588 ((0.0 0.0 0.0) (0.0 0.0 -29.9925))) 
(321.493 ((0.0 0.0 0.0) (0.0 0.0 -29.9987))) 
(321.8271 ((0.0 0.0 0.0) (0.0 0.0 -29.9998))) 
(322.1613 ((0.0 0.0 0.0) (0.0 0.0 -29.9958))) 
(322.4955 ((0.0 0.0 0.0) (0.0 0.0 -29.9867))) 
(322.8297 ((0.0 0.0 0.0) (0.0 0.0 -29.9725))) 
(323.1639 ((0.0 0.0 0.0) (0.0 0.0 -29.9532))) 
(323.4981 ((0.0 0.0 0.0) (0.0 0.0 -29.9288))) 
(323.8323 ((0.0 0.0 0.0) (0.0 0.0 -29.8993))) 
(324.1665 ((0.0 0.0 0.0) (0.0 0.0 -29.8647))) 
(324.5007 ((0.0 0.0 0.0) (0.0 0.0 -29.825))) 
(324.8349 ((0.0 0.0 0.0) (0.0 0.0 -29.7801))) 
(325.1691 ((0.0 0.0 0.0) (0.0 0.0 -29.7301))) 
(325.5033 ((0.0 0.0 0.0) (0.0 0.0 -29.675))) 
(325.8375 ((0.0 0.0 0.0) (0.0 0.0 -29.6147))) 
(326.1716 ((0.0 0.0 0.0) (0.0 0.0 -29.5492))) 
(326.5058 ((0.0 0.0 0.0) (0.0 0.0 -29.4786))) 
(326.84 ((0.0 0.0 0.0) (0.0 0.0 -29.4028))) 
(327.1742 ((0.0 0.0 0.0) (0.0 0.0 -29.3218))) 
(327.5084 ((0.0 0.0 0.0) (0.0 0.0 -29.2355))) 
(327.8426 ((0.0 0.0 0.0) (0.0 0.0 -29.1441))) 
(328.1768 ((0.0 0.0 0.0) (0.0 0.0 -29.0474))) 
(328.511 ((0.0 0.0 0.0) (0.0 0.0 -28.9454))) 
(328.8452 ((0.0 0.0 0.0) (0.0 0.0 -28.8382))) 
(329.1794 ((0.0 0.0 0.0) (0.0 0.0 -28.7257))) 
(329.5136 ((0.0 0.0 0.0) (0.0 0.0 -28.6079))) 
(329.8478 ((0.0 0.0 0.0) (0.0 0.0 -28.4847))) 
(330.182 ((0.0 0.0 0.0) (0.0 0.0 -28.3562))) 
(330.5161 ((0.0 0.0 0.0) (0.0 0.0 -28.2224))) 
(330.8503 ((0.0 0.0 0.0) (0.0 0.0 -28.0831))) 
(331.1845 ((0.0 0.0 0.0) (0.0 0.0 -27.9385))) 
(331.5187 ((0.0 0.0 0.0) (0.0 0.0 -27.7884))) 
(331.8529 ((0.0 0.0 0.0) (0.0 0.0 -27.6329))) 
(332.1871 ((0.0 0.0 0.0) (0.0 0.0 -27.4719))) 
(332.5213 ((0.0 0.0 0.0) (0.0 0.0 -27.3055))) 
(332.8555 ((0.0 0.0 0.0) (0.0 0.0 -27.1335))) 
(333.1897 ((0.0 0.0 0.0) (0.0 0.0 -26.9561))) 
(333.5239 ((0.0 0.0 0.0) (0.0 0.0 -26.7731))) 
(333.8581 ((0.0 0.0 0.0) (0.0 0.0 -26.5845))) 
(334.1923 ((0.0 0.0 0.0) (0.0 0.0 -26.3904))) 
(334.5265 ((0.0 0.0 0.0) (0.0 0.0 -26.1906))) 
(334.8606 ((0.0 0.0 0.0) (0.0 0.0 -25.9853))) 
(335.1948 ((0.0 0.0 0.0) (0.0 0.0 -25.7743))) 
(335.529 ((0.0 0.0 0.0) (0.0 0.0 -25.5577))) 
(335.8632 ((0.0 0.0 0.0) (0.0 0.0 -25.3354))) 
(336.1974 ((0.0 0.0 0.0) (0.0 0.0 -25.1074))) 
(336.5316 ((0.0 0.0 0.0) (0.0 0.0 -24.8737))) 
(336.8658 ((0.0 0.0 0.0) (0.0 0.0 -24.6343))) 
(337.2 ((0.0 0.0 0.0) (0.0 0.0 -24.3892))) 
(337.5342 ((0.0 0.0 0.0) (0.0 0.0 -24.1384))) 
(337.8684 ((0.0 0.0 0.0) (0.0 0.0 -23.8818))) 
(338.2026 ((0.0 0.0 0.0) (0.0 0.0 -23.6195))) 
(338.5368 ((0.0 0.0 0.0) (0.0 0.0 -23.3515))) 
(338.871 ((0.0 0.0 0.0) (0.0 0.0 -23.0776))) 
(339.2051 ((0.0 0.0 0.0) (0.0 0.0 -22.798))) 
(339.5393 ((0.0 0.0 0.0) (0.0 0.0 -22.5127))) 
(339.8735 ((0.0 0.0 0.0) (0.0 0.0 -22.2216))) 
(340.2077 ((0.0 0.0 0.0) (0.0 0.0 -21.9247))) 
(340.5419 ((0.0 0.0 0.0) (0.0 0.0 -21.6221))) 
(340.8761 ((0.0 0.0 0.0) (0.0 0.0 -21.3138))) 
(341.2103 ((0.0 0.0 0.0) (0.0 0.0 -20.9997))) 
(341.5445 ((0.0 0.0 0.0) (0.0 0.0 -20.6799))) 
(341.8787 ((0.0 0.0 0.0) (0.0 0.0 -20.3544))) 
(342.2129 ((0.0 0.0 0.0) (0.0 0.0 -20.0233))) 
(342.5471 ((0.0 0.0 0.0) (0.0 0.0 -19.6865))) 
(342.8813 ((0.0 0.0 0.0) (0.0 0.0 -19.344))) 
(343.2155 ((0.0 0.0 0.0) (0.0 0.0 -18.996))) 
(343.5496 ((0.0 0.0 0.0) (0.0 0.0 -18.6424))) 
(343.8838 ((0.0 0.0 0.0) (0.0 0.0 -18.2833))) 
(344.218 ((0.0 0.0 0.0) (0.0 0.0 -17.9187))) 
(344.5522 ((0.0 0.0 0.0) (0.0 0.0 -17.5487))) 
(344.8864 ((0.0 0.0 0.0) (0.0 0.0 -17.1734))) 
(345.2206 ((0.0 0.0 0.0) (0.0 0.0 -16.7926))) 
(345.5548 ((0.0 0.0 0.0) (0.0 0.0 -16.4067))) 
(345.889 ((0.0 0.0 0.0) (0.0 0.0 -16.0155))) 
(346.2232 ((0.0 0.0 0.0) (0.0 0.0 -15.6192))) 
(346.5574 ((0.0 0.0 0.0) (0.0 0.0 -15.2178))) 
(346.8916 ((0.0 0.0 0.0) (0.0 0.0 -14.8115))) 
(347.2258 ((0.0 0.0 0.0) (0.0 0.0 -14.4002))) 
(347.56 ((0.0 0.0 0.0) (0.0 0.0 -13.9841))) 
(347.8941 ((0.0 0.0 0.0) (0.0 0.0 -13.5633))) 
(348.2283 ((0.0 0.0 0.0) (0.0 0.0 -13.1379))) 
(348.5625 ((0.0 0.0 0.0) (0.0 0.0 -12.708))) 
(348.8967 ((0.0 0.0 0.0) (0.0 0.0 -12.2736))) 
(349.2309 ((0.0 0.0 0.0) (0.0 0.0 -11.835))) 
(349.5651 ((0.0 0.0 0.0) (0.0 0.0 -11.3922))) 
(349.8993 ((0.0 0.0 0.0) (0.0 0.0 -10.9453))) 
(350.2335 ((0.0 0.0 0.0) (0.0 0.0 -10.4944))) 
(350.5677 ((0.0 0.0 0.0) (0.0 0.0 -10.0398))) 
(350.9019 ((0.0 0.0 0.0) (0.0 0.0 -9.5815))) 
(351.2361 ((0.0 0.0 0.0) (0.0 0.0 -9.1197))) 
(351.5703 ((0.0 0.0 0.0) (0.0 0.0 -8.6545))) 
(351.9045 ((0.0 0.0 0.0) (0.0 0.0 -8.1861))) 
(352.2386 ((0.0 0.0 0.0) (0.0 0.0 -7.7146))) 
(352.5728 ((0.0 0.0 0.0) (0.0 0.0 -7.2401))) 
(352.907 ((0.0 0.0 0.0) (0.0 0.0 -6.763))) 
(353.2412 ((0.0 0.0 0.0) (0.0 0.0 -6.2832))) 
(353.5754 ((0.0 0.0 0.0) (0.0 0.0 -5.8011))) 
(353.9096 ((0.0 0.0 0.0) (0.0 0.0 -5.3167))) 
(354.2438 ((0.0 0.0 0.0) (0.0 0.0 -4.8302))) 
(354.578 ((0.0 0.0 0.0) (0.0 0.0 -4.3419))) 
(354.9122 ((0.0 0.0 0.0) (0.0 0.0 -3.8519))) 
(355.2464 ((0.0 0.0 0.0) (0.0 0.0 -3.3604))) 
(355.5806 ((0.0 0.0 0.0) (0.0 0.0 -2.8675))) 
(355.9148 ((0.0 0.0 0.0) (0.0 0.0 -2.3736))) 
(356.2489 ((0.0 0.0 0.0) (0.0 0.0 -1.8787))) 
(356.5831 ((0.0 0.0 0.0) (0.0 0.0 -1.383))) 
(356.9173 ((0.0 0.0 0.0) (0.0 0.0 -0.8868))) 
(357.2515 ((0.0 0.0 0.0) (0.0 0.0 -0.3903))) 
(357.5857 ((0.0 0.0 0.0) (0.0 0.0 0.1064))) 
(357.9199 ((0.0 0.0 0.0) (0.0 0.0 0.6031))) 
(358.2541 ((0.0 0.0 0.0) (0.0 0.0 1.0995))) 
(358.5883 ((0.0 0.0 0.0) (0.0 0.0 1.5955))) 
(358.9225 ((0.0 0.0 0.0) (0.0 0.0 2.0909))) 
(359.2567 ((0.0 0.0 0.0) (0.0 0.0 2.5854))) 
(359.5909 ((0.0 0.0 0.0) (0.0 0.0 3.0789))) 
(359.9251 ((0.0 0.0 0.0) (0.0 0.0 3.5712))) 
(360.2593 ((0.0 0.0 0.0) (0.0 0.0 4.0621))) 
(360.5934 ((0.0 0.0 0.0) (0.0 0.0 4.5514))) 
(360.9276 ((0.0 0.0 0.0) (0.0 0.0 5.039))) 
(361.2618 ((0.0 0.0 0.0) (0.0 0.0 5.5245))) 
(361.596 ((0.0 0.0 0.0) (0.0 0.0 6.008))) 
(361.9302 ((0.0 0.0 0.0) (0.0 0.0 6.4891))) 
(362.2644 ((0.0 0.0 0.0) (0.0 0.0 6.9678))) 
(362.5986 ((0.0 0.0 0.0) (0.0 0.0 7.4438))) 
(362.9328 ((0.0 0.0 0.0) (0.0 0.0 7.917))) 
(363.267 ((0.0 0.0 0.0) (0.0 0.0 8.3872))) 
(363.6012 ((0.0 0.0 0.0) (0.0 0.0 8.8543))) 
(363.9354 ((0.0 0.0 0.0) (0.0 0.0 9.318))) 
(364.2696 ((0.0 0.0 0.0) (0.0 0.0 9.7784))) 
(364.6038 ((0.0 0.0 0.0) (0.0 0.0 10.2351))) 
(364.9379 ((0.0 0.0 0.0) (0.0 0.0 10.6881))) 
(365.2721 ((0.0 0.0 0.0) (0.0 0.0 11.1373))) 
(365.6063 ((0.0 0.0 0.0) (0.0 0.0 11.5825))) 
(365.9405 ((0.0 0.0 0.0) (0.0 0.0 12.0235))) 
(366.2747 ((0.0 0.0 0.0) (0.0 0.0 12.4603))) 
(366.6089 ((0.0 0.0 0.0) (0.0 0.0 12.8928))) 
(366.9431 ((0.0 0.0 0.0) (0.0 0.0 13.3208))) 
(367.2773 ((0.0 0.0 0.0) (0.0 0.0 13.7443))) 
(367.6115 ((0.0 0.0 0.0) (0.0 0.0 14.163))) 
(367.9457 ((0.0 0.0 0.0) (0.0 0.0 14.577))) 
(368.2799 ((0.0 0.0 0.0) (0.0 0.0 14.9862))) 
(368.6141 ((0.0 0.0 0.0) (0.0 0.0 15.3904))) 
(368.9483 ((0.0 0.0 0.0) (0.0 0.0 15.7897))) 
(369.2824 ((0.0 0.0 0.0) (0.0 0.0 16.1838))) 
(369.6166 ((0.0 0.0 0.0) (0.0 0.0 16.5727))) 
(369.9508 ((0.0 0.0 0.0) (0.0 0.0 16.9565))) 
(370.285 ((0.0 0.0 0.0) (0.0 0.0 17.3349))) 
(370.6192 ((0.0 0.0 0.0) (0.0 0.0 17.708))) 
(370.9534 ((0.0 0.0 0.0) (0.0 0.0 18.0757))) 
(371.2876 ((0.0 0.0 0.0) (0.0 0.0 18.4379))) 
(371.6218 ((0.0 0.0 0.0) (0.0 0.0 18.7946))) 
(371.956 ((0.0 0.0 0.0) (0.0 0.0 19.1458))) 
(372.2902 ((0.0 0.0 0.0) (0.0 0.0 19.4915))) 
(372.6244 ((0.0 0.0 0.0) (0.0 0.0 19.8315))) 
(372.9586 ((0.0 0.0 0.0) (0.0 0.0 20.1659))) 
(373.2928 ((0.0 0.0 0.0) (0.0 0.0 20.4946))) 
(373.6269 ((0.0 0.0 0.0) (0.0 0.0 20.8177))) 
(373.9611 ((0.0 0.0 0.0) (0.0 0.0 21.135))) 
(374.2953 ((0.0 0.0 0.0) (0.0 0.0 21.4466))) 
(374.6295 ((0.0 0.0 0.0) (0.0 0.0 21.7525))) 
(374.9637 ((0.0 0.0 0.0) (0.0 0.0 22.0527))) 
(375.2979 ((0.0 0.0 0.0) (0.0 0.0 22.3471))) 
(375.6321 ((0.0 0.0 0.0) (0.0 0.0 22.6357))) 
(375.9663 ((0.0 0.0 0.0) (0.0 0.0 22.9186))) 
(376.3005 ((0.0 0.0 0.0) (0.0 0.0 23.1957))) 
(376.6347 ((0.0 0.0 0.0) (0.0 0.0 23.4671))) 
(376.9689 ((0.0 0.0 0.0) (0.0 0.0 23.7327))) 
(377.3031 ((0.0 0.0 0.0) (0.0 0.0 23.9925))) 
(377.6373 ((0.0 0.0 0.0) (0.0 0.0 24.2466))) 
(377.9714 ((0.0 0.0 0.0) (0.0 0.0 24.495))) 
(378.3056 ((0.0 0.0 0.0) (0.0 0.0 24.7376))) 
(378.6398 ((0.0 0.0 0.0) (0.0 0.0 24.9746))) 
(378.974 ((0.0 0.0 0.0) (0.0 0.0 25.2058))) 
(379.3082 ((0.0 0.0 0.0) (0.0 0.0 25.4313))) 
(379.6424 ((0.0 0.0 0.0) (0.0 0.0 25.6512))) 
(379.9766 ((0.0 0.0 0.0) (0.0 0.0 25.8654))) 
(380.3108 ((0.0 0.0 0.0) (0.0 0.0 26.074))) 
(380.645 ((0.0 0.0 0.0) (0.0 0.0 26.2769))) 
(380.9792 ((0.0 0.0 0.0) (0.0 0.0 26.4743))) 
(381.3134 ((0.0 0.0 0.0) (0.0 0.0 26.666))) 
(381.6476 ((0.0 0.0 0.0) (0.0 0.0 26.8522))) 
(381.9818 ((0.0 0.0 0.0) (0.0 0.0 27.0328))) 
(382.3159 ((0.0 0.0 0.0) (0.0 0.0 27.2079))) 
(382.6501 ((0.0 0.0 0.0) (0.0 0.0 27.3775))) 
(382.9843 ((0.0 0.0 0.0) (0.0 0.0 27.5416))) 
(383.3185 ((0.0 0.0 0.0) (0.0 0.0 27.7002))) 
(383.6527 ((0.0 0.0 0.0) (0.0 0.0 27.8534))) 
(383.9869 ((0.0 0.0 0.0) (0.0 0.0 28.0011))) 
(384.3211 ((0.0 0.0 0.0) (0.0 0.0 28.1435))) 
(384.6553 ((0.0 0.0 0.0) (0.0 0.0 28.2804))) 
(384.9895 ((0.0 0.0 0.0) (0.0 0.0 28.4119))) 
(385.3237 ((0.0 0.0 0.0) (0.0 0.0 28.5382))) 
(385.6579 ((0.0 0.0 0.0) (0.0 0.0 28.659))) 
(385.9921 ((0.0 0.0 0.0) (0.0 0.0 28.7746))) 
(386.3263 ((0.0 0.0 0.0) (0.0 0.0 28.8848))) 
(386.6604 ((0.0 0.0 0.0) (0.0 0.0 28.9898))) 
(386.9946 ((0.0 0.0 0.0) (0.0 0.0 29.0895))) 
(387.3288 ((0.0 0.0 0.0) (0.0 0.0 29.1839))) 
(387.663 ((0.0 0.0 0.0) (0.0 0.0 29.2731))) 
(387.9972 ((0.0 0.0 0.0) (0.0 0.0 29.3571))) 
(388.3314 ((0.0 0.0 0.0) (0.0 0.0 29.4359))) 
(388.6656 ((0.0 0.0 0.0) (0.0 0.0 29.5095))) 
(388.9998 ((0.0 0.0 0.0) (0.0 0.0 29.5779))) 
(389.334 ((0.0 0.0 0.0) (0.0 0.0 29.6411))) 
(389.6682 ((0.0 0.0 0.0) (0.0 0.0 29.6992))) 
(390.0024 ((0.0 0.0 0.0) (0.0 0.0 29.7522))) 
(390.3366 ((0.0 0.0 0.0) (0.0 0.0 29.7999))) 
(390.6708 ((0.0 0.0 0.0) (0.0 0.0 29.8426))) 
(391.0049 ((0.0 0.0 0.0) (0.0 0.0 29.8802))) 
(391.3391 ((0.0 0.0 0.0) (0.0 0.0 29.9126))) 
(391.6733 ((0.0 0.0 0.0) (0.0 0.0 29.9399))) 
(392.0075 ((0.0 0.0 0.0) (0.0 0.0 29.9621))) 
(392.3417 ((0.0 0.0 0.0) (0.0 0.0 29.9792))) 
(392.6759 ((0.0 0.0 0.0) (0.0 0.0 29.9912))) 
(393.0101 ((0.0 0.0 0.0) (0.0 0.0 29.9981))) 
(393.3443 ((0.0 0.0 0.0) (0.0 0.0 29.9999))) 
(393.6785 ((0.0 0.0 0.0) (0.0 0.0 29.9967))) 
(394.0127 ((0.0 0.0 0.0) (0.0 0.0 29.9883))) 
(394.3469 ((0.0 0.0 0.0) (0.0 0.0 29.9748))) 
(394.6811 ((0.0 0.0 0.0) (0.0 0.0 29.9563))) 
(395.0153 ((0.0 0.0 0.0) (0.0 0.0 29.9326))) 
(395.3494 ((0.0 0.0 0.0) (0.0 0.0 29.9038))) 
(395.6836 ((0.0 0.0 0.0) (0.0 0.0 29.8699))) 
(396.0178 ((0.0 0.0 0.0) (0.0 0.0 29.8309))) 
(396.352 ((0.0 0.0 0.0) (0.0 0.0 29.7868))) 
(396.6862 ((0.0 0.0 0.0) (0.0 0.0 29.7376))) 
(397.0204 ((0.0 0.0 0.0) (0.0 0.0 29.6832))) 
(397.3546 ((0.0 0.0 0.0) (0.0 0.0 29.6236))) 
(397.6888 ((0.0 0.0 0.0) (0.0 0.0 29.5589))) 
(398.023 ((0.0 0.0 0.0) (0.0 0.0 29.489))) 
(398.3572 ((0.0 0.0 0.0) (0.0 0.0 29.4139))) 
(398.6914 ((0.0 0.0 0.0) (0.0 0.0 29.3337))) 
(399.0256 ((0.0 0.0 0.0) (0.0 0.0 29.2482))) 
(399.3598 ((0.0 0.0 0.0) (0.0 0.0 29.1575))) 
(399.6939 ((0.0 0.0 0.0) (0.0 0.0 29.0615))) 
(400.0281 ((0.0 0.0 0.0) (0.0 0.0 28.9603))) 
(400.3623 ((0.0 0.0 0.0) (0.0 0.0 28.8539))) 
(400.6965 ((0.0 0.0 0.0) (0.0 0.0 28.7421))) 
(401.0307 ((0.0 0.0 0.0) (0.0 0.0 28.625))) 
(401.3649 ((0.0 0.0 0.0) (0.0 0.0 28.5026))) 
(401.6991 ((0.0 0.0 0.0) (0.0 0.0 28.3749))) 
(402.0333 ((0.0 0.0 0.0) (0.0 0.0 28.2418))) 
(402.3675 ((0.0 0.0 0.0) (0.0 0.0 28.1033))) 
(402.7017 ((0.0 0.0 0.0) (0.0 0.0 27.9595))) 
(403.0359 ((0.0 0.0 0.0) (0.0 0.0 27.8102))) 
(403.3701 ((0.0 0.0 0.0) (0.0 0.0 27.6555))) 
(403.7043 ((0.0 0.0 0.0) (0.0 0.0 27.4953))) 
(404.0384 ((0.0 0.0 0.0) (0.0 0.0 27.3296))) 
(404.3726 ((0.0 0.0 0.0) (0.0 0.0 27.1584))) 
(404.7068 ((0.0 0.0 0.0) (0.0 0.0 26.9818))) 
(405.041 ((0.0 0.0 0.0) (0.0 0.0 26.7996))) 
(405.3752 ((0.0 0.0 0.0) (0.0 0.0 26.6118))) 
(405.7094 ((0.0 0.0 0.0) (0.0 0.0 26.4185))) 
(406.0436 ((0.0 0.0 0.0) (0.0 0.0 26.2195))) 
(406.3778 ((0.0 0.0 0.0) (0.0 0.0 26.015))) 
(406.712 ((0.0 0.0 0.0) (0.0 0.0 25.8048))) 
(407.0462 ((0.0 0.0 0.0) (0.0 0.0 25.589))) 
(407.3804 ((0.0 0.0 0.0) (0.0 0.0 25.3675))) 
(407.7146 ((0.0 0.0 0.0) (0.0 0.0 25.1403))) 
(408.0488 ((0.0 0.0 0.0) (0.0 0.0 24.9075))) 
(408.3829 ((0.0 0.0 0.0) (0.0 0.0 24.6689))) 
(408.7171 ((0.0 0.0 0.0) (0.0 0.0 24.4246))) 
(409.0513 ((0.0 0.0 0.0) (0.0 0.0 24.1746))) 
(409.3855 ((0.0 0.0 0.0) (0.0 0.0 23.9189))) 
(409.7197 ((0.0 0.0 0.0) (0.0 0.0 23.6574))) 
(410.0539 ((0.0 0.0 0.0) (0.0 0.0 23.3901))) 
(410.3881 ((0.0 0.0 0.0) (0.0 0.0 23.1171))) 
(410.7223 ((0.0 0.0 0.0) (0.0 0.0 22.8383))) 
(411.0565 ((0.0 0.0 0.0) (0.0 0.0 22.5538))) 
(411.3907 ((0.0 0.0 0.0) (0.0 0.0 22.2635))) 
(411.7249 ((0.0 0.0 0.0) (0.0 0.0 21.9675))) 
(412.0591 ((0.0 0.0 0.0) (0.0 0.0 21.6657))) 
(412.3932 ((0.0 0.0 0.0) (0.0 0.0 21.3582))) 
(412.7274 ((0.0 0.0 0.0) (0.0 0.0 21.0449))) 
(413.0616 ((0.0 0.0 0.0) (0.0 0.0 20.7259))) 
(413.3958 ((0.0 0.0 0.0) (0.0 0.0 20.4013))) 
(413.73 ((0.0 0.0 0.0) (0.0 0.0 20.0709))) 
(414.0642 ((0.0 0.0 0.0) (0.0 0.0 19.7349))) 
(414.3984 ((0.0 0.0 0.0) (0.0 0.0 19.3933))) 
(414.7326 ((0.0 0.0 0.0) (0.0 0.0 19.0461))) 
(415.0668 ((0.0 0.0 0.0) (0.0 0.0 18.6933))) 
(415.401 ((0.0 0.0 0.0) (0.0 0.0 18.335))) 
(415.7352 ((0.0 0.0 0.0) (0.0 0.0 17.9712))) 
(416.0694 ((0.0 0.0 0.0) (0.0 0.0 17.6019))) 
(416.4036 ((0.0 0.0 0.0) (0.0 0.0 17.2273))) 
(416.7377 ((0.0 0.0 0.0) (0.0 0.0 16.8474))) 
(417.0719 ((0.0 0.0 0.0) (0.0 0.0 16.4621))) 
(417.4061 ((0.0 0.0 0.0) (0.0 0.0 16.0717))) 
(417.7403 ((0.0 0.0 0.0) (0.0 0.0 15.6761))) 
(418.0745 ((0.0 0.0 0.0) (0.0 0.0 15.2755))) 
(418.4087 ((0.0 0.0 0.0) (0.0 0.0 14.8698))) 
(418.7429 ((0.0 0.0 0.0) (0.0 0.0 14.4592))) 
(419.0771 ((0.0 0.0 0.0) (0.0 0.0 14.0439))) 
(419.4113 ((0.0 0.0 0.0) (0.0 0.0 13.6237))) 
(419.7455 ((0.0 0.0 0.0) (0.0 0.0 13.199))) 
(420.0797 ((0.0 0.0 0.0) (0.0 0.0 12.7697))) 
(420.4139 ((0.0 0.0 0.0) (0.0 0.0 12.336))) 
(420.7481 ((0.0 0.0 0.0) (0.0 0.0 11.8979))) 
(421.0822 ((0.0 0.0 0.0) (0.0 0.0 11.4557))) 
(421.4164 ((0.0 0.0 0.0) (0.0 0.0 11.0094))) 
(421.7506 ((0.0 0.0 0.0) (0.0 0.0 10.5591))) 
(422.0848 ((0.0 0.0 0.0) (0.0 0.0 10.105))) 
(422.419 ((0.0 0.0 0.0) (0.0 0.0 9.6472))) 
(422.7532 ((0.0 0.0 0.0) (0.0 0.0 9.1859))) 
(423.0874 ((0.0 0.0 0.0) (0.0 0.0 8.7211))) 
(423.4216 ((0.0 0.0 0.0) (0.0 0.0 8.2532))) 
(423.7558 ((0.0 0.0 0.0) (0.0 0.0 7.7821))) 
(424.09 ((0.0 0.0 0.0) (0.0 0.0 7.3081))) 
(424.4242 ((0.0 0.0 0.0) (0.0 0.0 6.8313))) 
(424.7584 ((0.0 0.0 0.0) (0.0 0.0 6.3519))) 
(425.0926 ((0.0 0.0 0.0) (0.0 0.0 5.8701))) 
(425.4267 ((0.0 0.0 0.0) (0.0 0.0 5.386))) 
(425.7609 ((0.0 0.0 0.0) (0.0 0.0 4.8999))) 
(426.0951 ((0.0 0.0 0.0) (0.0 0.0 4.4118))) 
(426.4293 ((0.0 0.0 0.0) (0.0 0.0 3.922))) 
(426.7635 ((0.0 0.0 0.0) (0.0 0.0 3.4307))) 
(427.0977 ((0.0 0.0 0.0) (0.0 0.0 2.938))) 
(427.4319 ((0.0 0.0 0.0) (0.0 0.0 2.4442))) 
(427.7661 ((0.0 0.0 0.0) (0.0 0.0 1.9494))) 
(428.1003 ((0.0 0.0 0.0) (0.0 0.0 1.4538))) 
(428.4345 ((0.0 0.0 0.0) (0.0 0.0 0.9577))) 
(428.7687 ((0.0 0.0 0.0) (0.0 0.0 0.4612))) 
)