# Polyline=True		
0	0.2553	0
0	0.255069	0.000045
0	0.254838	0.000089
0	0.254607	0.000133
0	0.254376	0.000177
0	0.254145	0.00022
0	0.253914	0.000263
0	0.253684	0.000306
0	0.253453	0.000349
0	0.253222	0.000391
0	0.252991	0.000433
0	0.25276	0.000475
0	0.252529	0.000517
0	0.252298	0.000558
0	0.252067	0.000599
0	0.251836	0.00064
0	0.251605	0.000681
0	0.251374	0.000721
0	0.251143	0.000761
0	0.250912	0.000801
0	0.250682	0.00084
0	0.250451	0.00088
0	0.25022	0.000919
0	0.249989	0.000958
0	0.249758	0.000996
0	0.249527	0.001035
0	0.249296	0.001073
0	0.249065	0.001111
0	0.248834	0.001148
0	0.248603	0.001186
0	0.248372	0.001223
0	0.248141	0.00126
0	0.24791	0.001297
0	0.247679	0.001333
0	0.247449	0.001369
0	0.247218	0.001406
0	0.246987	0.001441
0	0.246756	0.001477
0	0.246525	0.001512
0	0.246294	0.001548
0	0.246063	0.001583
0	0.245832	0.001617
0	0.245601	0.001652
0	0.24537	0.001686
0	0.245139	0.00172
0	0.244908	0.001754
0	0.244677	0.001788
0	0.244447	0.001821
0	0.244216	0.001854
0	0.243985	0.001887
0	0.243754	0.00192
0	0.243523	0.001953
0	0.243292	0.001985
0	0.243061	0.002017
0	0.24283	0.002049
0	0.242599	0.002081
0	0.242368	0.002112
0	0.242137	0.002143
0	0.241906	0.002174
0	0.241675	0.002205
0	0.241445	0.002236
0	0.241214	0.002266
0	0.240983	0.002296
0	0.240752	0.002326
0	0.240521	0.002355
0	0.24029	0.002385
0	0.240059	0.002414
0	0.239828	0.002443
0	0.239597	0.002471
0	0.239366	0.0025
0	0.239135	0.002528
0	0.238904	0.002556
0	0.238673	0.002584
0	0.238443	0.002611
0	0.238212	0.002638
0	0.237981	0.002665
0	0.23775	0.002692
0	0.237519	0.002719
0	0.237288	0.002745
0	0.237057	0.002771
0	0.236826	0.002796
0	0.236595	0.002822
0	0.236364	0.002847
0	0.236133	0.002872
0	0.235902	0.002896
0	0.235671	0.002921
0	0.23544	0.002945
0	0.23521	0.002968
0	0.234979	0.002992
0	0.234748	0.003015
0	0.234517	0.003038
0	0.234286	0.00306
0	0.234055	0.003082
0	0.233824	0.003104
0	0.233593	0.003126
0	0.233362	0.003147
0	0.233131	0.003168
0	0.2329	0.003189
0	0.232669	0.003209
0	0.232438	0.003229
0	0.232208	0.003249
0	0.231977	0.003268
0	0.231746	0.003287
0	0.231515	0.003305
0	0.231284	0.003324
0	0.231053	0.003342
0	0.230822	0.003359
0	0.230591	0.003376
0	0.23036	0.003393
0	0.230129	0.003409
0	0.229898	0.003425
0	0.229667	0.00344
0	0.229436	0.003456
0	0.229206	0.00347
0	0.228975	0.003484
0	0.228744	0.003498
0	0.228513	0.003512
0	0.228282	0.003525
0	0.228051	0.003537
0	0.22782	0.003549
0	0.227589	0.00356
0	0.227358	0.003572
0	0.227127	0.003582
0	0.226896	0.003592
0	0.226665	0.003602
0	0.226434	0.003611
0	0.226203	0.003619
0	0.225973	0.003627
0	0.225742	0.003635
0	0.225511	0.003641
0	0.22528	0.003648
0	0.225049	0.003653
0	0.224818	0.003659
0	0.224587	0.003663
0	0.224356	0.003667
0	0.224125	0.00367
0	0.223894	0.003673
0	0.223663	0.003675
0	0.223432	0.003676
0	0.223201	0.003677
0	0.222971	0.003677
0	0.22274	0.003676
0	0.222509	0.003674
0	0.222278	0.003672
0	0.222047	0.003669
0	0.221816	0.003665
0	0.221585	0.003661
0	0.221354	0.003655
0	0.221123	0.003649
0	0.220892	0.003642
0	0.220661	0.003634
0	0.22043	0.003625
0	0.220199	0.003615
0	0.219969	0.003605
0	0.219738	0.003593
0	0.219507	0.00358
0	0.219276	0.003566
0	0.219045	0.003552
0	0.218814	0.003536
0	0.218583	0.003519
0	0.218352	0.003501
0	0.218121	0.003482
0	0.21789	0.003461
0	0.217659	0.003439
0	0.217428	0.003416
0	0.217197	0.003392
0	0.216967	0.003366
0	0.216736	0.003339
0	0.216505	0.00331
0	0.216274	0.00328
0	0.216043	0.003248
0	0.215812	0.003214
0	0.215581	0.003179
0	0.21535	0.003142
0	0.215119	0.003103
0	0.214888	0.003061
0	0.214657	0.003018
0	0.214426	0.002973
0	0.214195	0.002925
0	0.213964	0.002874
0	0.213734	0.002821
0	0.213503	0.002765
0	0.213272	0.002706
0	0.213041	0.002644
0	0.21281	0.002578
0	0.212579	0.002509
0	0.212348	0.002435
0	0.212117	0.002356
0	0.211886	0.002272
0	0.211655	0.002183
0	0.211424	0.002086
0	0.211193	0.001982
0	0.210962	0.001869
0	0.210732	0.001744
0	0.210501	0.001606
0	0.208075	0.002778
0	0.207948	0.002509
0	0.207821	0.003385
0	0.207694	0.003497
0	0.207566	0.00361
0	0.207439	0.003596
0	0.207312	0.003581
0	0.207185	0.003567
0	0.207058	0.00368
0	0.206931	0.003793
0	0.206804	0.003778
0	0.206677	0.003891
0	0.20655	0.004004
0	0.206423	0.00399
0	0.206295	0.003976
0	0.206168	0.004089
0	0.206041	0.004964
0	0.205914	0.005077
0	0.205787	0.005317
0	0.20566	0.00543
0	0.205533	0.005543
0	0.205406	0.005529
0	0.205279	0.005769
0	0.205151	0.005882
0	0.205024	0.005996
0	0.204897	0.005982
0	0.20477	0.006095
0	0.204643	0.006208
0	0.204516	0.006194
0	0.204389	0.00618
0	0.204262	0.006166
0	0.204135	0.006152
0	0.204007	0.006139
0	0.20388	0.006125
0	0.203753	0.006111
0	0.203626	0.006224
0	0.203499	0.006083
0	0.203372	0.006324
0	0.203245	0.006437
0	0.203118	0.006551
0	0.202991	0.006537
0	0.202864	0.006523
0	0.202736	0.007145
0	0.202609	0.007005
0	0.202482	0.007245
0	0.202355	0.007359
0	0.202228	0.007091
0	0.202101	0.007459
0	0.201974	0.007445
0	0.201847	0.007432
0	0.20172	0.007418
0	0.201592	0.007405
0	0.201465	0.007391
0	0.201338	0.007378
0	0.201211	0.007365
0	0.201084	0.007351
0	0.200957	0.007338
0	0.20083	0.007324
0	0.200703	0.007311
0	0.200576	0.007298
0	0.200448	0.007285
0	0.200321	0.007271
0	0.200194	0.007385
0	0.200067	0.007499
0	0.19994	0.007867
0	0.199813	0.007981
0	0.199686	0.008095
0	0.199559	0.008082
0	0.199432	0.008069
0	0.199305	0.008183
0	0.199177	0.008297
0	0.19905	0.008284
0	0.198923	0.008398
0	0.198796	0.008639
0	0.198669	0.008499
0	0.198542	0.008486
0	0.198415	0.008473
0	0.198288	0.008587
0	0.198161	0.008701
0	0.198033	0.008689
0	0.197906	0.008803
0	0.197779	0.008917
0	0.197652	0.008904
0	0.197525	0.008891
0	0.197398	0.008879
0	0.197271	0.008866
0	0.197144	0.008853
0	0.197017	0.00884
0	0.196889	0.008828
0	0.196762	0.008815
0	0.196635	0.008802
0	0.196508	0.008789
0	0.196381	0.008904
0	0.196254	0.009018
0	0.196127	0.009006
0	0.196	0.00912
0	0.195873	0.009235
0	0.195746	0.009222
0	0.195618	0.00921
0	0.195491	0.009197
0	0.195364	0.009185
0	0.195237	0.009172
0	0.19511	0.00916
0	0.194983	0.009148
0	0.194856	0.009135
0	0.194729	0.009123
0	0.194602	0.00911
0	0.194474	0.009098
0	0.194347	0.009086
0	0.19422	0.009073
0	0.194093	0.009061
0	0.193966	0.009049
0	0.193839	0.009037
0	0.193712	0.009024
0	0.193585	0.009012
0	0.193458	0.009
0	0.19333	0.008988
0	0.193203	0.008976
0	0.193076	0.008964
0	0.192949	0.008951
0	0.192822	0.008939
0	0.192695	0.008927
0	0.192568	0.008915
0	0.192441	0.008903
0	0.192314	0.008891
0	0.192186	0.008879
0	0.192059	0.008867
0	0.191932	0.008855
0	0.191805	0.008843
0	0.191678	0.008831
0	0.191551	0.00882
0	0.191424	0.008808
0	0.191297	0.008796
0	0.19117	0.008784
0	0.191043	0.008772
0	0.190915	0.00876
0	0.190788	0.008749
0	0.190661	0.008737
0	0.190534	0.008725
0	0.190407	0.008713
0	0.19028	0.008702
0	0.190153	0.00869
0	0.190026	0.008678
0	0.189899	0.008667
0	0.189771	0.008655
0	0.189644	0.008644
0	0.189517	0.008632
0	0.18939	0.008621
0	0.189263	0.008609
0	0.189136	0.008598
0	0.189009	0.008586
0	0.188882	0.008575
0	0.188755	0.008563
0	0.188627	0.008552
0	0.1885	0.008413
0	0.188373	0.008275
0	0.188246	0.008263
0	0.188119	0.008125
0	0.187992	0.007986
0	0.187865	0.007975
0	0.187738	0.007964
0	0.187611	0.007953
0	0.187484	0.007941
0	0.187356	0.00793
0	0.187229	0.007919
0	0.187102	0.007908
0	0.186975	0.007896
0	0.186848	0.007885
0	0.186721	0.008255
0	0.186594	0.008371
0	0.186467	0.00836
0	0.18634	0.007841
0	0.186212	0.007957
0	0.186085	0.007819
0	0.185958	0.007808
0	0.185831	0.008051
0	0.185704	0.008294
0	0.185577	0.008283
0	0.18545	0.007764
0	0.185323	0.007753
0	0.185196	0.007742
0	0.185068	0.00824
0	0.184941	0.00772
0	0.184814	0.008218
0	0.184687	0.008207
0	0.18456	0.007688
0	0.184433	0.008186
0	0.184306	0.007666
0	0.184179	0.007656
0	0.184052	0.007645
0	0.183925	0.007634
0	0.183797	0.007624
0	0.18367	0.008248
0	0.183543	0.008365
0	0.183416	0.007592
0	0.183289	0.008471
0	0.183162	0.007698
0	0.183035	0.00756
0	0.182908	0.008821
0	0.182781	0.00792
0	0.182653	0.008164
0	0.182526	0.007772
0	0.182399	0.007762
0	0.182272	0.007878
0	0.182145	0.008122
0	0.182018	0.009002
0	0.181891	0.008991
0	0.181764	0.008981
0	0.181637	0.00897
0	0.181509	0.00896
0	0.181382	0.00895
0	0.181255	0.00894
0	0.181128	0.008929
0	0.181001	0.008919
0	0.180874	0.008909
0	0.180747	0.009026
0	0.18062	0.009016
0	0.180493	0.009133
0	0.180365	0.009249
0	0.180238	0.009366
0	0.180111	0.009229
0	0.179984	0.009219
0	0.179857	0.009718
0	0.17973	0.009835
0	0.179603	0.009443
0	0.179476	0.009942
0	0.179349	0.009678
0	0.179222	0.010303
0	0.179094	0.010166
0	0.178967	0.010156
0	0.17884	0.010273
0	0.178713	0.010391
0	0.178586	0.010381
0	0.178459	0.010498
0	0.178332	0.010615
0	0.178205	0.010605
0	0.178078	0.010596
0	0.17795	0.010586
0	0.177823	0.010576
0	0.177696	0.010566
0	0.177569	0.010557
0	0.177442	0.010547
0	0.177315	0.010537
0	0.177188	0.010528
0	0.177061	0.010518
0	0.176934	0.010509
0	0.176806	0.010499
0	0.176679	0.010489
0	0.176552	0.01048
0	0.176425	0.01047
0	0.176298	0.010588
0	0.176171	0.010706
0	0.176044	0.010696
0	0.175917	0.010814
0	0.17579	0.010931
0	0.175663	0.010922
0	0.175535	0.010913
0	0.175408	0.01103
0	0.175281	0.011148
0	0.175154	0.011139
0	0.175027	0.011384
0	0.1749	0.011502
0	0.174773	0.011492
0	0.174646	0.011356
0	0.174519	0.011347
0	0.174391	0.011465
0	0.174264	0.011455
0	0.174137	0.011573
0	0.17401	0.011564
0	0.173883	0.011682
0	0.173756	0.011673
0	0.173629	0.011664
0	0.173502	0.011655
0	0.173375	0.011646
0	0.173247	0.011637
0	0.17312	0.011628
0	0.172993	0.011746
0	0.172866	0.011864
0	0.172739	0.011855
0	0.172612	0.011973
0	0.172485	0.012092
0	0.172358	0.012083
0	0.172231	0.012074
0	0.172104	0.012065
0	0.171976	0.012183
0	0.171849	0.012302
0	0.171722	0.012293
0	0.171595	0.012411
0	0.171468	0.012529
0	0.171341	0.012521
0	0.171214	0.012512
0	0.171087	0.012503
0	0.17096	0.012622
0	0.170832	0.012486
0	0.170705	0.012732
0	0.170578	0.012469
0	0.170451	0.012587
0	0.170324	0.012452
0	0.170197	0.013206
0	0.17007	0.013197
0	0.169943	0.012553
0	0.169816	0.01318
0	0.169688	0.012536
0	0.169561	0.012401
0	0.169434	0.012519
0	0.169307	0.012638
0	0.16918	0.012375
0	0.169053	0.012494
0	0.168926	0.012613
0	0.168799	0.012732
0	0.168672	0.01285
0	0.168545	0.013351
0	0.168417	0.013342
0	0.16829	0.013334
0	0.168163	0.013326
0	0.168036	0.013318
0	0.167909	0.013309
0	0.167782	0.013301
0	0.167655	0.013293
0	0.167528	0.012776
0	0.167401	0.012768
0	0.167273	0.01276
0	0.167146	0.013261
0	0.167019	0.01338
0	0.166892	0.013499
0	0.166765	0.013491
0	0.166638	0.01272
0	0.166511	0.012712
0	0.166384	0.012704
0	0.166257	0.013713
0	0.166129	0.012815
0	0.166002	0.01268
0	0.165875	0.012673
0	0.165748	0.012665
0	0.165621	0.012784
0	0.165494	0.013666
0	0.165367	0.012641
0	0.16524	0.012633
0	0.165113	0.01288
0	0.164985	0.013889
0	0.164858	0.014136
0	0.164731	0.014382
0	0.164604	0.014501
0	0.164477	0.013096
0	0.16435	0.013088
0	0.164223	0.01308
0	0.164096	0.0132
0	0.163969	0.014463
0	0.163842	0.014583
0	0.163714	0.013177
0	0.163587	0.014695
0	0.16346	0.013035
0	0.163333	0.013028
0	0.163206	0.014927
0	0.163079	0.014919
0	0.162952	0.013005
0	0.162825	0.014905
0	0.162698	0.014897
0	0.16257	0.015017
0	0.162443	0.015137
0	0.162316	0.015256
0	0.162189	0.015249
0	0.162062	0.015369
0	0.161935	0.015362
0	0.161808	0.015354
0	0.161681	0.015347
0	0.161554	0.01534
0	0.161426	0.015333
0	0.161299	0.015326
0	0.161172	0.015446
0	0.161045	0.015566
0	0.160918	0.015559
0	0.160791	0.015679
0	0.160664	0.015799
0	0.160537	0.015792
0	0.16041	0.015785
0	0.160283	0.015778
0	0.160155	0.015898
0	0.160028	0.015891
0	0.159901	0.015884
0	0.159774	0.016004
0	0.159647	0.015997
0	0.15952	0.01599
0	0.159393	0.01611
0	0.159266	0.016104
0	0.159139	0.016097
0	0.159011	0.016217
0	0.158884	0.01621
0	0.158757	0.016204
0	0.15863	0.016324
0	0.158503	0.016317
0	0.158376	0.016311
0	0.158249	0.016304
0	0.158122	0.016424
0	0.157995	0.016418
0	0.157867	0.016411
0	0.15774	0.016531
0	0.157613	0.016525
0	0.157486	0.016518
0	0.157359	0.016512
0	0.157232	0.016505
0	0.157105	0.016626
0	0.156978	0.016619
0	0.156851	0.016613
0	0.156724	0.016606
0	0.156596	0.016727
0	0.156469	0.016721
0	0.156342	0.016714
0	0.156215	0.016708
0	0.156088	0.016702
0	0.155961	0.016822
0	0.155834	0.016816
0	0.155707	0.01681
0	0.15558	0.016804
0	0.155452	0.016924
0	0.155325	0.016918
0	0.155198	0.016912
0	0.155071	0.016906
0	0.154944	0.017027
0	0.154817	0.017021
0	0.15469	0.017014
0	0.154563	0.017008
0	0.154436	0.017129
0	0.154308	0.017123
0	0.154181	0.017117
0	0.154054	0.017238
0	0.153927	0.017232
0	0.1538	0.017226
0	0.153673	0.017348
0	0.153546	0.017342
0	0.153419	0.017336
0	0.153292	0.01733
0	0.153164	0.017451
0	0.153037	0.017445
0	0.15291	0.017566
0	0.152783	0.017561
0	0.152656	0.017555
0	0.152529	0.017676
0	0.152402	0.01767
0	0.152275	0.017664
0	0.152148	0.017786
0	0.152021	0.01778
0	0.151893	0.017774
0	0.151766	0.017896
0	0.151639	0.01789
0	0.151512	0.018012
0	0.151385	0.018006
0	0.151258	0.018001
0	0.151131	0.017995
0	0.151004	0.018117
0	0.150877	0.018111
0	0.150749	0.018105
0	0.150622	0.0181
0	0.150495	0.018095
0	0.150368	0.018216
0	0.150241	0.018211
0	0.150114	0.018205
0	0.149987	0.0182
0	0.14986	0.018322
0	0.149733	0.018316
0	0.149605	0.018311
0	0.149478	0.018433
0	0.149351	0.018427
0	0.149224	0.018422
0	0.149097	0.018544
0	0.14897	0.018539
0	0.148843	0.018534
0	0.148716	0.018528
0	0.148589	0.01865
0	0.148462	0.018645
0	0.148334	0.01864
0	0.148207	0.018635
0	0.14808	0.01863
0	0.147953	0.018752
0	0.147826	0.018747
0	0.147699	0.018742
0	0.147572	0.018737
0	0.147445	0.018732
0	0.147318	0.018727
0	0.14719	0.018849
0	0.147063	0.018844
0	0.146936	0.018839
0	0.146809	0.018834
0	0.146682	0.018829
0	0.146555	0.018824
0	0.146428	0.018947
0	0.146301	0.018942
0	0.146174	0.018937
0	0.146046	0.018932
0	0.145919	0.018928
0	0.145792	0.01905
0	0.145665	0.019045
0	0.145538	0.019041
0	0.145411	0.019036
0	0.145284	0.019158
0	0.145157	0.019154
0	0.14503	0.019149
0	0.144903	0.019144
0	0.144775	0.019267
0	0.144648	0.019262
0	0.144521	0.019258
0	0.144394	0.019253
0	0.144267	0.019249
0	0.14414	0.019372
0	0.144013	0.019367
0	0.143886	0.019363
0	0.143759	0.019358
0	0.143631	0.019481
0	0.143504	0.019477
0	0.143377	0.019472
0	0.14325	0.019468
0	0.143123	0.019464
0	0.142996	0.019586
0	0.142869	0.019582
0	0.142742	0.019578
0	0.142615	0.019574
0	0.142487	0.019696
0	0.14236	0.019692
0	0.142233	0.019688
0	0.142106	0.019684
0	0.141979	0.019807
0	0.141852	0.019803
0	0.141725	0.019799
0	0.141598	0.019922
0	0.141471	0.019918
0	0.141344	0.019914
0	0.141216	0.020037
0	0.141089	0.020033
0	0.140962	0.020029
0	0.140835	0.020152
0	0.140708	0.020148
0	0.140581	0.020144
0	0.140454	0.02014
0	0.140327	0.020263
0	0.1402	0.020259
0	0.140072	0.020256
0	0.139945	0.020379
0	0.139818	0.020375
0	0.139691	0.020371
0	0.139564	0.020495
0	0.139437	0.020491
0	0.13931	0.020614
0	0.139183	0.020611
0	0.139056	0.020734
0	0.138928	0.02073
0	0.138801	0.020727
0	0.138674	0.020723
0	0.138547	0.020847
0	0.13842	0.020843
0	0.138293	0.020839
0	0.138166	0.020963
0	0.138039	0.020959
0	0.137912	0.021083
0	0.137784	0.02108
0	0.137657	0.021076
0	0.13753	0.0212
0	0.137403	0.021196
0	0.137276	0.02132
0	0.137149	0.021317
0	0.137022	0.02144
0	0.136895	0.021437
0	0.136768	0.021434
0	0.136641	0.021557
0	0.136513	0.021554
0	0.136386	0.021551
0	0.136259	0.021675
0	0.136132	0.021672
0	0.136005	0.021668
0	0.135878	0.021665
0	0.135751	0.021789
0	0.135624	0.021786
0	0.135497	0.021783
0	0.135369	0.02178
0	0.135242	0.021904
0	0.135115	0.021901
0	0.134988	0.021898
0	0.134861	0.022022
0	0.134734	0.022019
0	0.134607	0.022016
0	0.13448	0.02214
0	0.134353	0.022137
0	0.134225	0.022261
0	0.134098	0.022258
0	0.133971	0.022255
0	0.133844	0.022379
0	0.133717	0.022377
0	0.13359	0.022501
0	0.133463	0.022498
0	0.133336	0.022495
0	0.133209	0.02262
0	0.133082	0.022617
0	0.132954	0.022614
0	0.132827	0.022739
0	0.1327	0.022736
0	0.132573	0.022733
0	0.132446	0.022731
0	0.132319	0.022855
0	0.132192	0.022852
0	0.132065	0.02285
0	0.131938	0.022847
0	0.13181	0.022972
0	0.131683	0.022969
0	0.131556	0.022967
0	0.131429	0.022964
0	0.131302	0.023089
0	0.131175	0.023086
0	0.131048	0.023084
0	0.130921	0.023082
0	0.130794	0.023206
0	0.130666	0.023204
0	0.130539	0.023202
0	0.130412	0.023199
0	0.130285	0.023324
0	0.130158	0.023322
0	0.130031	0.023319
0	0.129904	0.023444
0	0.129777	0.023442
0	0.12965	0.023567
0	0.129523	0.023565
0	0.129395	0.023563
0	0.129268	0.023688
0	0.129141	0.023685
0	0.129014	0.023683
0	0.128887	0.023808
0	0.12876	0.023806
0	0.128633	0.023804
0	0.128506	0.023802
0	0.128379	0.023927
0	0.128251	0.023925
0	0.128124	0.023923
0	0.127997	0.023921
0	0.12787	0.024046
0	0.127743	0.024045
0	0.127616	0.024043
0	0.127489	0.024041
0	0.127362	0.024039
0	0.127235	0.024037
0	0.127107	0.024035
0	0.12698	0.024161
0	0.126853	0.024159
0	0.126726	0.024157
0	0.126599	0.024155
0	0.126472	0.024154
0	0.126345	0.024279
0	0.126218	0.024277
0	0.126091	0.024276
0	0.125964	0.024274
0	0.125836	0.024272
0	0.125709	0.024271
0	0.125582	0.024269
0	0.125455	0.024395
0	0.125328	0.024393
0	0.125201	0.024392
0	0.125074	0.02439
0	0.124947	0.024389
0	0.12482	0.024514
0	0.124692	0.024513
0	0.124565	0.024512
0	0.124438	0.02451
0	0.124311	0.024509
0	0.124184	0.024635
0	0.124057	0.024633
0	0.12393	0.024632
0	0.123803	0.024631
0	0.123676	0.024629
0	0.123548	0.024755
0	0.123421	0.024754
0	0.123294	0.024753
0	0.123167	0.024879
0	0.12304	0.024877
0	0.122913	0.024876
0	0.122786	0.024875
0	0.122659	0.025001
0	0.122532	0.025
0	0.122404	0.024999
0	0.122277	0.025125
0	0.12215	0.025124
0	0.122023	0.025123
0	0.121896	0.025122
0	0.121769	0.025248
0	0.121642	0.025247
0	0.121515	0.025373
0	0.121388	0.025372
0	0.121261	0.025371
0	0.121133	0.025498
0	0.121006	0.025497
0	0.120879	0.025496
0	0.120752	0.025495
0	0.120625	0.025621
0	0.120498	0.025621
0	0.120371	0.02562
0	0.120244	0.025619
0	0.120117	0.025618
0	0.119989	0.025618
0	0.119862	0.025617
0	0.119735	0.025616
0	0.119608	0.025616
0	0.119481	0.025615
0	0.119354	0.025614
0	0.119227	0.025614
0	0.1191	0.02574
0	0.118973	0.02574
0	0.118845	0.025739
0	0.118718	0.025739
0	0.118591	0.025738
0	0.118464	0.025738
0	0.118337	0.025737
0	0.11821	0.025737
0	0.118083	0.025737
0	0.117956	0.025736
0	0.117829	0.025736
0	0.117702	0.025735
0	0.117574	0.025735
0	0.117447	0.025735
0	0.11732	0.025734
0	0.117193	0.025734
0	0.117066	0.025734
0	0.116939	0.025734
0	0.116812	0.025734
0	0.116685	0.02586
0	0.116558	0.025987
0	0.11643	0.025987
0	0.116303	0.025987
0	0.116176	0.025987
0	0.116049	0.025987
0	0.115922	0.025987
0	0.115795	0.025987
0	0.115668	0.025987
0	0.115541	0.025987
0	0.115414	0.025987
0	0.115286	0.025987
0	0.115159	0.025987
0	0.115032	0.025987
0	0.114905	0.025987
0	0.114778	0.025987
0	0.114651	0.025987
0	0.114524	0.025987
0	0.114397	0.025988
0	0.11427	0.025861
0	0.114143	0.025861
0	0.114015	0.025734
0	0.113888	0.025734
0	0.113761	0.025734
0	0.113634	0.025735
0	0.113507	0.025735
0	0.11338	0.025735
0	0.113253	0.025736
0	0.113126	0.025736
0	0.112999	0.025736
0	0.112871	0.025737
0	0.112744	0.025864
0	0.112617	0.025865
0	0.11249	0.025738
0	0.112363	0.025993
0	0.112236	0.025993
0	0.112109	0.025994
0	0.111982	0.025995
0	0.111855	0.025995
0	0.111727	0.025996
0	0.1116	0.025996
0	0.111473	0.025997
0	0.111346	0.025998
0	0.111219	0.025998
0	0.111092	0.025999
0	0.110965	0.026
0	0.110838	0.026
0	0.110711	0.026001
0	0.110583	0.026002
0	0.110456	0.026003
0	0.110329	0.026003
0	0.110202	0.026004
0	0.110075	0.026005
0	0.109948	0.026006
0	0.109821	0.026134
0	0.109694	0.026135
0	0.109567	0.026136
0	0.10944	0.026137
0	0.109312	0.026138
0	0.109185	0.026139
0	0.109058	0.02614
0	0.108931	0.026141
0	0.108804	0.026142
0	0.108677	0.026143
0	0.10855	0.026271
0	0.108423	0.026272
0	0.108296	0.026273
0	0.108168	0.026274
0	0.108041	0.026276
0	0.107914	0.026277
0	0.107787	0.026278
0	0.10766	0.026279
0	0.107533	0.02628
0	0.107406	0.026282
0	0.107279	0.026283
0	0.107152	0.026284
0	0.107024	0.026413
0	0.106897	0.026414
0	0.10677	0.026415
0	0.106643	0.026417
0	0.106516	0.026418
0	0.106389	0.02642
0	0.106262	0.026421
0	0.106135	0.026422
0	0.106008	0.026424
0	0.105881	0.026425
0	0.105753	0.026427
0	0.105626	0.026428
0	0.105499	0.02643
0	0.105372	0.026432
0	0.105245	0.026433
0	0.105118	0.026435
0	0.104991	0.026436
0	0.104864	0.026438
0	0.104737	0.02644
0	0.104609	0.026441
0	0.104482	0.026443
0	0.104355	0.026445
0	0.104228	0.026447
0	0.104101	0.026576
0	0.103974	0.026577
0	0.103847	0.026579
0	0.10372	0.026581
0	0.103593	0.026583
0	0.103465	0.026585
0	0.103338	0.026587
0	0.103211	0.026589
0	0.103084	0.026591
0	0.102957	0.026592
0	0.10283	0.026594
0	0.102703	0.026596
0	0.102576	0.026471
0	0.102449	0.026473
0	0.102322	0.026348
0	0.102194	0.02635
0	0.102067	0.026353
0	0.10194	0.026355
0	0.101813	0.026357
0	0.101686	0.026359
0	0.101559	0.026361
0	0.101432	0.026363
0	0.101305	0.026366
0	0.101178	0.026368
0	0.10105	0.02637
0	0.100923	0.026372
0	0.100796	0.026375
0	0.100669	0.026377
0	0.100542	0.026379
0	0.100415	0.026382
0	0.100288	0.026384
0	0.100161	0.026386
0	0.100034	0.026389
0	0.099906	0.026391
0	0.099779	0.026394
0	0.099652	0.026396
0	0.099525	0.026399
0	0.099398	0.026401
0	0.099271	0.026404
0	0.099144	0.026406
0	0.099017	0.026409
0	0.09889	0.026411
0	0.098763	0.026414
0	0.098635	0.026417
0	0.098508	0.026419
0	0.098381	0.026422
0	0.098254	0.026425
0	0.098127	0.026427
0	0.098	0.02643
0	0.097873	0.026433
0	0.097746	0.026436
0	0.097619	0.026438
0	0.097491	0.026441
0	0.097364	0.026444
0	0.097237	0.026447
0	0.09711	0.02645
0	0.096983	0.026453
0	0.096856	0.026456
0	0.096729	0.026458
0	0.096602	0.026461
0	0.096475	0.026464
0	0.096347	0.02634
0	0.09622	0.026216
0	0.096093	0.026219
0	0.095966	0.026095
0	0.095839	0.025971
0	0.095712	0.025974
0	0.095585	0.025977
0	0.095458	0.02598
0	0.095331	0.026111
0	0.095203	0.026241
0	0.095076	0.026244
0	0.094949	0.026374
0	0.094822	0.026505
0	0.094695	0.026508
0	0.094568	0.026511
0	0.094441	0.026515
0	0.094314	0.026518
0	0.094187	0.026521
0	0.09406	0.026525
0	0.093932	0.026528
0	0.093805	0.026531
0	0.093678	0.026535
0	0.093551	0.026538
0	0.093424	0.026542
0	0.093297	0.026545
0	0.09317	0.026676
0	0.093043	0.026679
0	0.092916	0.026683
0	0.092788	0.026686
0	0.092661	0.02669
0	0.092534	0.026693
0	0.092407	0.026697
0	0.09228	0.026701
0	0.092153	0.026704
0	0.092026	0.026708
0	0.091899	0.026712
0	0.091772	0.026715
0	0.091644	0.026719
0	0.091517	0.026723
0	0.09139	0.026727
0	0.091263	0.02673
0	0.091136	0.026734
0	0.091009	0.026484
0	0.090882	0.026488
0	0.090755	0.026619
0	0.090628	0.026241
0	0.090501	0.026118
0	0.090373	0.026122
0	0.090246	0.026126
0	0.090119	0.02613
0	0.089992	0.026134
0	0.089865	0.026138
0	0.089738	0.026142
0	0.089611	0.026146
0	0.089484	0.02615
0	0.089357	0.026154
0	0.089229	0.026158
0	0.089102	0.026162
0	0.088975	0.026166
0	0.088848	0.02617
0	0.088721	0.026175
0	0.088594	0.026179
0	0.088467	0.026183
0	0.08834	0.026187
0	0.088213	0.026192
0	0.088085	0.026196
0	0.087958	0.0262
0	0.087831	0.026204
0	0.087704	0.026209
0	0.087577	0.026213
0	0.08745	0.026217
0	0.087323	0.026222
0	0.087196	0.026226
0	0.087069	0.026231
0	0.086942	0.026235
0	0.086814	0.02624
0	0.086687	0.026244
0	0.08656	0.026249
0	0.086433	0.026253
0	0.086306	0.026258
0	0.086179	0.026262
0	0.086052	0.026267
0	0.085925	0.026272
0	0.085798	0.026276
0	0.08567	0.026281
0	0.085543	0.026286
0	0.085416	0.02629
0	0.085289	0.026295
0	0.085162	0.0263
0	0.085035	0.026304
0	0.084908	0.026309
0	0.084781	0.026314
0	0.084654	0.026319
0	0.084526	0.026324
0	0.084399	0.026329
0	0.084272	0.026333
0	0.084145	0.026338
0	0.084018	0.026343
0	0.083891	0.026348
0	0.083764	0.026353
0	0.083637	0.026358
0	0.08351	0.026363
0	0.083382	0.026368
0	0.083255	0.026373
0	0.083128	0.026378
0	0.083001	0.026383
0	0.082874	0.026388
0	0.082747	0.026393
0	0.08262	0.026399
0	0.082493	0.026404
0	0.082366	0.026409
0	0.082239	0.026414
0	0.082111	0.026419
0	0.081984	0.026425
0	0.081857	0.026049
0	0.08173	0.026308
0	0.081603	0.025932
0	0.081476	0.026191
0	0.081349	0.02607
0	0.081222	0.025948
0	0.081095	0.025953
0	0.080967	0.025959
0	0.08084	0.025964
0	0.080713	0.02597
0	0.080586	0.025975
0	0.080459	0.02598
0	0.080332	0.025986
0	0.080205	0.025991
0	0.080078	0.025997
0	0.079951	0.026003
0	0.079823	0.026008
0	0.079696	0.026014
0	0.079569	0.026019
0	0.079442	0.026025
0	0.079315	0.025904
0	0.079188	0.025782
0	0.079061	0.025788
0	0.078934	0.025666
0	0.078807	0.025037
0	0.07868	0.025551
0	0.078552	0.025048
0	0.078425	0.025054
0	0.078298	0.025568
0	0.078171	0.025574
0	0.078044	0.025071
0	0.077917	0.025077
0	0.07779	0.025083
0	0.077663	0.025597
0	0.077536	0.025095
0	0.077408	0.025101
0	0.077281	0.025615
0	0.077154	0.025621
0	0.077027	0.025627
0	0.0769	0.025633
0	0.076773	0.025131
0	0.076646	0.025645
0	0.076519	0.025143
0	0.076392	0.025276
0	0.076264	0.025282
0	0.076137	0.02567
0	0.07601	0.025676
0	0.075883	0.025301
0	0.075756	0.025307
0	0.075629	0.025186
0	0.075502	0.025701
0	0.075375	0.025199
0	0.075248	0.025459
0	0.075121	0.02572
0	0.074993	0.025345
0	0.074866	0.025224
0	0.074739	0.02523
0	0.074612	0.025745
0	0.074485	0.025243
0	0.074358	0.025758
0	0.074231	0.025764
0	0.074104	0.025263
0	0.073977	0.025269
0	0.073849	0.025276
0	0.073722	0.025282
0	0.073595	0.025289
0	0.073468	0.025295
0	0.073341	0.025302
0	0.073214	0.025308
0	0.073087	0.025315
0	0.07296	0.025322
0	0.072833	0.025328
0	0.072705	0.025335
0	0.072578	0.025342
0	0.072451	0.025348
0	0.072324	0.025355
0	0.072197	0.025362
0	0.07207	0.025369
0	0.071943	0.025375
0	0.071816	0.025382
0	0.071689	0.025262
0	0.071562	0.025269
0	0.071434	0.025022
0	0.071307	0.024774
0	0.07118	0.024781
0	0.071053	0.024661
0	0.070926	0.024541
0	0.070799	0.024675
0	0.070672	0.024682
0	0.070545	0.024943
0	0.070418	0.024823
0	0.07029	0.02483
0	0.070163	0.024837
0	0.070036	0.024717
0	0.069909	0.024724
0	0.069782	0.024731
0	0.069655	0.024612
0	0.069528	0.024619
0	0.069401	0.024626
0	0.069274	0.024633
0	0.069146	0.024513
0	0.069019	0.024521
0	0.068892	0.024528
0	0.068765	0.024408
0	0.068638	0.024415
0	0.068511	0.024423
0	0.068384	0.02443
0	0.068257	0.02431
0	0.06813	0.024318
0	0.068002	0.024198
0	0.067875	0.024205
0	0.067748	0.024213
0	0.067621	0.02422
0	0.067494	0.024101
0	0.067367	0.024108
0	0.06724	0.023989
0	0.067113	0.023996
0	0.066986	0.02375
0	0.066859	0.023884
0	0.066731	0.023765
0	0.066604	0.023772
0	0.066477	0.02378
0	0.06635	0.023788
0	0.066223	0.023796
0	0.066096	0.023295
0	0.065969	0.023303
0	0.065842	0.023437
0	0.065715	0.023445
0	0.065587	0.023326
0	0.06546	0.023334
0	0.065333	0.023342
0	0.065206	0.023349
0	0.065079	0.023357
0	0.064952	0.023365
0	0.064825	0.023373
0	0.064698	0.023381
0	0.064571	0.023389
0	0.064443	0.023397
0	0.064316	0.023405
0	0.064189	0.023413
0	0.064062	0.023421
0	0.063935	0.023302
0	0.063808	0.02331
0	0.063681	0.023318
0	0.063554	0.023326
0	0.063427	0.022826
0	0.0633	0.023342
0	0.063172	0.023096
0	0.063045	0.02285
0	0.062918	0.022986
0	0.062791	0.022994
0	0.062664	0.023002
0	0.062537	0.02301
0	0.06241	0.023019
0	0.062283	0.0229
0	0.062156	0.023035
0	0.062028	0.023044
0	0.061901	0.022925
0	0.061774	0.022933
0	0.061647	0.022942
0	0.06152	0.022823
0	0.061393	0.022832
0	0.061266	0.02284
0	0.061139	0.022849
0	0.061012	0.02273
0	0.060884	0.022738
0	0.060757	0.02262
0	0.06063	0.022629
0	0.060503	0.022637
0	0.060376	0.022519
0	0.060249	0.022273
0	0.060122	0.022409
0	0.059995	0.022417
0	0.059868	0.022299
0	0.059741	0.022181
0	0.059613	0.022062
0	0.059486	0.022071
0	0.059359	0.021953
0	0.059232	0.021834
0	0.059105	0.021843
0	0.058978	0.021852
0	0.058851	0.021861
0	0.058724	0.02187
0	0.058597	0.021879
0	0.058469	0.021887
0	0.058342	0.021896
0	0.058215	0.021905
0	0.058088	0.021914
0	0.057961	0.021923
0	0.057834	0.021932
0	0.057707	0.021941
0	0.05758	0.02195
0	0.057453	0.021959
0	0.057325	0.021841
0	0.057198	0.021469
0	0.057071	0.021478
0	0.056944	0.021615
0	0.056817	0.021497
0	0.05669	0.021506
0	0.056563	0.021515
0	0.056436	0.021524
0	0.056309	0.021534
0	0.056182	0.021543
0	0.056054	0.021552
0	0.055927	0.021561
0	0.0558	0.021571
0	0.055673	0.02158
0	0.055546	0.021589
0	0.055419	0.021599
0	0.055292	0.021608
0	0.055165	0.021618
0	0.055038	0.021627
0	0.05491	0.021509
0	0.054783	0.021519
0	0.054656	0.021401
0	0.054529	0.021411
0	0.054402	0.02142
0	0.054275	0.021303
0	0.054148	0.021312
0	0.054021	0.021322
0	0.053894	0.021205
0	0.053766	0.021214
0	0.053639	0.021097
0	0.053512	0.021106
0	0.053385	0.021116
0	0.053258	0.020999
0	0.053131	0.021008
0	0.053004	0.021018
0	0.052877	0.020901
0	0.05275	0.020911
0	0.052622	0.020793
0	0.052495	0.020803
0	0.052368	0.020813
0	0.052241	0.020823
0	0.052114	0.020833
0	0.051987	0.020843
0	0.05186	0.020726
0	0.051733	0.020736
0	0.051606	0.020618
0	0.051479	0.020628
0	0.051351	0.020638
0	0.051224	0.020521
0	0.051097	0.020531
0	0.05097	0.020542
0	0.050843	0.020552
0	0.050716	0.020435
0	0.050589	0.020445
0	0.050462	0.020328
0	0.050335	0.020338
0	0.050207	0.020348
0	0.05008	0.020231
0	0.049953	0.020242
0	0.049826	0.020252
0	0.049699	0.020135
0	0.049572	0.020145
0	0.049445	0.020156
0	0.049318	0.020166
0	0.049191	0.020049
0	0.049063	0.02006
0	0.048936	0.02007
0	0.048809	0.019953
0	0.048682	0.019964
0	0.048555	0.019974
0	0.048428	0.019985
0	0.048301	0.019868
0	0.048174	0.019879
0	0.048047	0.019762
0	0.04792	0.019645
0	0.047792	0.019529
0	0.047665	0.019412
0	0.047538	0.019296
0	0.047411	0.019307
0	0.047284	0.019317
0	0.047157	0.019328
0	0.04703	0.019339
0	0.046903	0.019349
0	0.046776	0.01936
0	0.046648	0.019371
0	0.046521	0.019382
0	0.046394	0.019392
0	0.046267	0.019403
0	0.04614	0.019414
0	0.046013	0.019425
0	0.045886	0.019436
0	0.045759	0.019447
0	0.045632	0.019458
0	0.045504	0.019468
0	0.045377	0.019479
0	0.04525	0.019363
0	0.045123	0.019374
0	0.044996	0.019385
0	0.044869	0.019396
0	0.044742	0.01928
0	0.044615	0.019291
0	0.044488	0.019302
0	0.044361	0.019186
0	0.044233	0.019198
0	0.044106	0.019209
0	0.043979	0.019093
0	0.043852	0.019104
0	0.043725	0.019115
0	0.043598	0.018999
0	0.043471	0.019011
0	0.043344	0.019022
0	0.043217	0.019033
0	0.043089	0.018917
0	0.042962	0.018929
0	0.042835	0.01894
0	0.042708	0.018824
0	0.042581	0.018836
0	0.042454	0.018847
0	0.042327	0.018858
0	0.0422	0.018743
0	0.042073	0.018754
0	0.041945	0.018766
0	0.041818	0.01865
0	0.041691	0.018662
0	0.041564	0.018546
0	0.041437	0.018558
0	0.04131	0.018569
0	0.041183	0.018454
0	0.041056	0.018465
0	0.040929	0.018477
0	0.040801	0.018362
0	0.040674	0.018373
0	0.040547	0.018385
0	0.04042	0.01827
0	0.040293	0.018281
0	0.040166	0.018293
0	0.040039	0.018178
0	0.039912	0.01819
0	0.039785	0.018202
0	0.039658	0.018086
0	0.03953	0.018098
0	0.039403	0.01811
0	0.039276	0.017995
0	0.039149	0.018007
0	0.039022	0.017892
0	0.038895	0.017904
0	0.038768	0.017916
0	0.038641	0.0178
0	0.038514	0.017812
0	0.038386	0.017697
0	0.038259	0.017709
0	0.038132	0.017722
0	0.038005	0.017607
0	0.037878	0.017619
0	0.037751	0.017504
0	0.037624	0.017516
0	0.037497	0.017401
0	0.03737	0.017413
0	0.037242	0.017425
0	0.037115	0.01731
0	0.036988	0.017323
0	0.036861	0.017208
0	0.036734	0.01722
0	0.036607	0.017105
0	0.03648	0.016991
0	0.036353	0.017003
0	0.036226	0.016888
0	0.036099	0.016901
0	0.035971	0.016913
0	0.035844	0.016798
0	0.035717	0.016811
0	0.03559	0.016823
0	0.035463	0.016709
0	0.035336	0.016721
0	0.035209	0.016607
0	0.035082	0.016619
0	0.034955	0.016505
0	0.034827	0.016517
0	0.0347	0.01653
0	0.034573	0.016543
0	0.034446	0.016428
0	0.034319	0.016441
0	0.034192	0.016454
0	0.034065	0.016339
0	0.033938	0.016352
0	0.033811	0.016365
0	0.033683	0.01625
0	0.033556	0.016263
0	0.033429	0.016276
0	0.033302	0.016289
0	0.033175	0.016175
0	0.033048	0.016187
0	0.032921	0.0162
0	0.032794	0.016086
0	0.032667	0.016099
0	0.03254	0.016112
0	0.032412	0.015998
0	0.032285	0.016011
0	0.032158	0.015897
0	0.032031	0.01591
0	0.031904	0.015923
0	0.031777	0.015809
0	0.03165	0.015822
0	0.031523	0.015835
0	0.031396	0.015721
0	0.031268	0.015734
0	0.031141	0.015748
0	0.031014	0.015634
0	0.030887	0.015647
0	0.03076	0.01566
0	0.030633	0.015546
0	0.030506	0.01556
0	0.030379	0.015446
0	0.030252	0.015459
0	0.030124	0.015472
0	0.029997	0.015359
0	0.02987	0.015372
0	0.029743	0.015258
0	0.029616	0.015272
0	0.029489	0.015285
0	0.029362	0.015171
0	0.029235	0.015185
0	0.029108	0.015071
0	0.028981	0.015085
0	0.028853	0.014971
0	0.028726	0.014985
0	0.028599	0.014871
0	0.028472	0.014885
0	0.028345	0.014771
0	0.028218	0.014785
0	0.028091	0.014672
0	0.027964	0.014685
0	0.027837	0.014572
0	0.027709	0.014586
0	0.027582	0.014472
0	0.027455	0.014486
0	0.027328	0.014373
0	0.027201	0.014386
0	0.027074	0.014273
0	0.026947	0.014287
0	0.02682	0.014301
0	0.026693	0.014188
0	0.026565	0.014201
0	0.026438	0.014088
0	0.026311	0.014102
0	0.026184	0.014116
0	0.026057	0.014003
0	0.02593	0.014017
0	0.025803	0.013904
0	0.025676	0.013918
0	0.025549	0.013932
0	0.025421	0.013819
0	0.025294	0.013833
0	0.025167	0.013847
0	0.02504	0.013734
0	0.024913	0.013748
0	0.024786	0.013762
0	0.024659	0.013777
0	0.024532	0.013664
0	0.024405	0.013678
0	0.024278	0.013692
0	0.02415	0.013707
0	0.024023	0.013594
0	0.023896	0.013608
0	0.023769	0.013622
0	0.023642	0.013637
0	0.023515	0.013524
0	0.023388	0.013538
0	0.023261	0.013426
0	0.023134	0.01344
0	0.023006	0.013327
0	0.022879	0.013342
0	0.022752	0.013229
0	0.022625	0.013244
0	0.022498	0.013131
0	0.022371	0.013019
0	0.022244	0.013033
0	0.022117	0.012921
0	0.02199	0.012935
0	0.021862	0.012823
0	0.021735	0.012837
0	0.021608	0.012725
0	0.021481	0.01274
0	0.021354	0.012627
0	0.021227	0.012642
0	0.0211	0.01253
0	0.020973	0.012544
0	0.020846	0.012559
0	0.020719	0.012447
0	0.020591	0.012462
0	0.020464	0.012349
0	0.020337	0.012364
0	0.02021	0.012252
0	0.020083	0.012267
0	0.019956	0.012282
0	0.019829	0.01217
0	0.019702	0.012185
0	0.019575	0.0122
0	0.019447	0.012088
0	0.01932	0.012103
0	0.019193	0.011991
0	0.019066	0.012006
0	0.018939	0.011894
0	0.018812	0.011909
0	0.018685	0.011924
0	0.018558	0.011812
0	0.018431	0.011827
0	0.018303	0.011715
0	0.018176	0.01173
0	0.018049	0.011618
0	0.017922	0.011634
0	0.017795	0.011649
0	0.017668	0.011537
0	0.017541	0.011552
0	0.017414	0.011441
0	0.017287	0.011456
0	0.01716	0.011471
0	0.017032	0.01136
0	0.016905	0.011375
0	0.016778	0.011263
0	0.016651	0.011279
0	0.016524	0.011294
0	0.016397	0.011183
0	0.01627	0.011198
0	0.016143	0.011214
0	0.016016	0.011102
0	0.015888	0.011118
0	0.015761	0.011133
0	0.015634	0.011022
0	0.015507	0.011037
0	0.01538	0.010926
0	0.015253	0.010942
0	0.015126	0.010957
0	0.014999	0.010846
0	0.014872	0.010862
0	0.014744	0.010877
0	0.014617	0.010766
0	0.01449	0.010782
0	0.014363	0.01067
0	0.014236	0.010686
0	0.014109	0.010575
0	0.013982	0.010591
0	0.013855	0.01048
0	0.013728	0.010495
0	0.0136	0.010384
0	0.013473	0.010273
0	0.013346	0.010162
0	0.013219	0.010178
0	0.013092	0.010067
0	0.012965	0.009956
0	0.012838	0.009845
0	0.012711	0.009861
0	0.012584	0.00975
0	0.012457	0.009639
0	0.012329	0.009528
0	0.012202	0.009417
0	0.012075	0.009433
0	0.011948	0.009322
0	0.011821	0.009338
0	0.011694	0.009227
0	0.011567	0.009116
0	0.01144	0.009133
0	0.011313	0.009022
0	0.011185	0.008911
0	0.011058	0.008927
0	0.010931	0.008817
0	0.010804	0.008833
0	0.010677	0.008722
0	0.01055	0.008739
0	0.010423	0.008628
0	0.010296	0.008644
0	0.010169	0.008534
0	0.010041	0.008423
0	0.009914	0.00844
0	0.009787	0.008329
0	0.00966	0.008345
0	0.009533	0.008235
0	0.009406	0.008251
0	0.009279	0.008268
0	0.009152	0.008158
0	0.009025	0.008174
0	0.008898	0.008064
0	0.00877	0.007953
0	0.008643	0.00797
0	0.008516	0.00786
0	0.008389	0.007876
0	0.008262	0.007766
0	0.008135	0.007783
0	0.008008	0.007672
0	0.007881	0.007562
0	0.007754	0.007579
0	0.007626	0.007469
0	0.007499	0.007486
0	0.007372	0.007375
0	0.007245	0.007392
0	0.007118	0.007282
0	0.006991	0.007299
0	0.006864	0.007189
0	0.006737	0.007079
0	0.00661	0.007096
0	0.006482	0.006986
0	0.006355	0.007003
0	0.006228	0.006893
0	0.006101	0.00691
0	0.005974	0.0068
0	0.005847	0.00669
0	0.00572	0.006707
0	0.005593	0.006597
0	0.005466	0.006487
0	0.005339	0.006504
0	0.005211	0.006395
0	0.005084	0.006285
0	0.004957	0.006302
0	0.00483	0.006192
0	0.004703	0.006209
0	0.004576	0.0061
0	0.004449	0.006117
0	0.004322	0.006007
0	0.004195	0.006025
0	0.004067	0.005915
0	0.00394	0.005805
0	0.003813	0.005696
0	0.003686	0.005586
0	0.003559	0.005476
0	0.003432	0.005367
0	0.003305	0.005257
0	0.003178	0.005148
0	0.003051	0.005038
0	0.002923	0.004929
0	0.002796	0.004819
0	0.002669	0.00471
0	0.002542	0.0046
0	0.002415	0.004491
0	0.002288	0.004381
0	0.002161	0.004272
0	0.002034	0.004162
0	0.001907	0.00418
0	0.00178	0.004071
0	0.001652	0.003962
0	0.001525	0.003979
0	0.001398	0.00387
0	0.001271	0.003761
0	0.001144	0.003652
0	0.001017	0.003542
0	0.00089	0.003306
0	0.000763	0.003197
0	0.000636	0.003088
0	0.000508	0.002851
0	0.000381	0.002742
0	0.000254	0.001743
0	0.000127	0.001634
0	0	0.000763
0	0	0
0	0.000127	-0.000145
0	0.000254	-0.000544
0	0.000381	-0.000181
0	0.000508	-0.001597
0	0.000636	-0.001742
0	0.000763	-0.002015
0	0.00089	-0.002287
0	0.001017	-0.002686
0	0.001144	-0.002831
0	0.001271	-0.003103
0	0.001398	-0.003248
0	0.001525	-0.003266
0	0.001652	-0.003538
0	0.00178	-0.003683
0	0.001907	-0.0037
0	0.002034	-0.003845
0	0.002161	-0.003863
0	0.002288	-0.004135
0	0.002415	-0.00428
0	0.002542	-0.004297
0	0.002669	-0.004442
0	0.002796	-0.004587
0	0.002923	-0.004605
0	0.003051	-0.004622
0	0.003178	-0.00464
0	0.003305	-0.004784
0	0.003432	-0.004929
0	0.003559	-0.004946
0	0.003686	-0.005091
0	0.003813	-0.005236
0	0.00394	-0.005253
0	0.004067	-0.005271
0	0.004195	-0.005288
0	0.004322	-0.005305
0	0.004449	-0.005323
0	0.004576	-0.00534
0	0.004703	-0.005484
0	0.00483	-0.005629
0	0.004957	-0.006155
0	0.005084	-0.006299
0	0.005211	-0.00657
0	0.005339	-0.006715
0	0.005466	-0.006732
0	0.005593	-0.006876
0	0.00572	-0.007021
0	0.005847	-0.007038
0	0.005974	-0.007055
0	0.006101	-0.007072
0	0.006228	-0.007089
0	0.006355	-0.007106
0	0.006482	-0.007123
0	0.00661	-0.007267
0	0.006737	-0.007284
0	0.006864	-0.007428
0	0.006991	-0.007445
0	0.007118	-0.007717
0	0.007245	-0.007861
0	0.007372	-0.007877
0	0.007499	-0.008021
0	0.007626	-0.008165
0	0.007754	-0.008182
0	0.007881	-0.008199
0	0.008008	-0.008216
0	0.008135	-0.008233
0	0.008262	-0.00825
0	0.008389	-0.008266
0	0.008516	-0.008283
0	0.008643	-0.008427
0	0.00877	-0.008571
0	0.008898	-0.008587
0	0.009025	-0.008731
0	0.009152	-0.008875
0	0.009279	-0.008891
0	0.009406	-0.008908
0	0.009533	-0.008925
0	0.00966	-0.008941
0	0.009787	-0.008958
0	0.009914	-0.008974
0	0.010041	-0.009118
0	0.010169	-0.009261
0	0.010296	-0.009278
0	0.010423	-0.009421
0	0.01055	-0.009565
0	0.010677	-0.009581
0	0.010804	-0.009598
0	0.010931	-0.009614
0	0.011058	-0.009757
0	0.011185	-0.009901
0	0.011313	-0.009917
0	0.01144	-0.010061
0	0.011567	-0.010204
0	0.011694	-0.01022
0	0.011821	-0.010236
0	0.011948	-0.010253
0	0.012075	-0.010269
0	0.012202	-0.010285
0	0.012329	-0.010301
0	0.012457	-0.010317
0	0.012584	-0.010333
0	0.012711	-0.010349
0	0.012838	-0.010365
0	0.012965	-0.010509
0	0.013092	-0.010397
0	0.013219	-0.010413
0	0.013346	-0.010811
0	0.013473	-0.010572
0	0.0136	-0.011097
0	0.013728	-0.010604
0	0.013855	-0.011256
0	0.013982	-0.011399
0	0.014109	-0.010525
0	0.014236	-0.010922
0	0.014363	-0.011446
0	0.01449	-0.011589
0	0.014617	-0.010588
0	0.014744	-0.010604
0	0.014872	-0.01062
0	0.014999	-0.012034
0	0.015126	-0.012049
0	0.015253	-0.011175
0	0.01538	-0.010809
0	0.015507	-0.012096
0	0.015634	-0.012112
0	0.015761	-0.012127
0	0.015888	-0.012143
0	0.016016	-0.012159
0	0.016143	-0.012174
0	0.01627	-0.01219
0	0.016397	-0.012205
0	0.016524	-0.012221
0	0.016651	-0.012236
0	0.016778	-0.012252
0	0.016905	-0.012394
0	0.017032	-0.012537
0	0.01716	-0.012552
0	0.017287	-0.012694
0	0.017414	-0.012837
0	0.017541	-0.012852
0	0.017668	-0.012867
0	0.017795	-0.012883
0	0.017922	-0.012898
0	0.018049	-0.012913
0	0.018176	-0.012928
0	0.018303	-0.012944
0	0.018431	-0.012959
0	0.018558	-0.012974
0	0.018685	-0.012989
0	0.018812	-0.013131
0	0.018939	-0.013274
0	0.019066	-0.013289
0	0.019193	-0.013431
0	0.01932	-0.013573
0	0.019447	-0.013588
0	0.019575	-0.013603
0	0.019702	-0.013618
0	0.019829	-0.013633
0	0.019956	-0.013648
0	0.020083	-0.013663
0	0.02021	-0.013678
0	0.020337	-0.01382
0	0.020464	-0.013708
0	0.020591	-0.013977
0	0.020719	-0.013737
0	0.020846	-0.01426
0	0.020973	-0.014275
0	0.0211	-0.01429
0	0.021227	-0.014305
0	0.021354	-0.014319
0	0.021481	-0.014334
0	0.021608	-0.014349
0	0.021735	-0.014364
0	0.021862	-0.014378
0	0.02199	-0.014393
0	0.022117	-0.014407
0	0.022244	-0.014422
0	0.022371	-0.014437
0	0.022498	-0.014451
0	0.022625	-0.014466
0	0.022752	-0.014607
0	0.022879	-0.014749
0	0.023006	-0.014763
0	0.023134	-0.014905
0	0.023261	-0.015046
0	0.023388	-0.015061
0	0.023515	-0.015075
0	0.023642	-0.01509
0	0.023769	-0.015104
0	0.023896	-0.015118
0	0.024023	-0.015133
0	0.02415	-0.015147
0	0.024278	-0.015161
0	0.024405	-0.015175
0	0.024532	-0.01519
0	0.024659	-0.015204
0	0.024786	-0.015218
0	0.024913	-0.015232
0	0.02504	-0.015246
0	0.025167	-0.01526
0	0.025294	-0.015275
0	0.025421	-0.015289
0	0.025549	-0.015303
0	0.025676	-0.015444
0	0.025803	-0.015585
0	0.02593	-0.015599
0	0.026057	-0.01574
0	0.026184	-0.015881
0	0.026311	-0.015895
0	0.026438	-0.015909
0	0.026565	-0.015923
0	0.026693	-0.015937
0	0.02682	-0.015951
0	0.026947	-0.015965
0	0.027074	-0.015978
0	0.027201	-0.015992
0	0.027328	-0.016006
0	0.027455	-0.01602
0	0.027582	-0.016034
0	0.027709	-0.016047
0	0.027837	-0.016061
0	0.027964	-0.016456
0	0.028091	-0.016216
0	0.028218	-0.016229
0	0.028345	-0.016116
0	0.028472	-0.016384
0	0.028599	-0.01627
0	0.028726	-0.017046
0	0.028853	-0.016806
0	0.028981	-0.016184
0	0.029108	-0.016706
0	0.029235	-0.016338
0	0.029362	-0.016478
0	0.029489	-0.016238
0	0.029616	-0.016378
0	0.029743	-0.016264
0	0.02987	-0.017168
0	0.029997	-0.017181
0	0.030124	-0.016305
0	0.030252	-0.017208
0	0.030379	-0.016712
0	0.030506	-0.016726
0	0.030633	-0.016358
0	0.03076	-0.016752
0	0.030887	-0.016384
0	0.031014	-0.016397
0	0.031141	-0.016538
0	0.031268	-0.016424
0	0.031396	-0.017327
0	0.031523	-0.01734
0	0.03165	-0.016463
0	0.031777	-0.016476
0	0.031904	-0.017379
0	0.032031	-0.017011
0	0.032158	-0.016643
0	0.032285	-0.01691
0	0.032412	-0.017431
0	0.03254	-0.017063
0	0.032667	-0.016949
0	0.032794	-0.01658
0	0.032921	-0.016593
0	0.033048	-0.016606
0	0.033175	-0.017
0	0.033302	-0.016632
0	0.033429	-0.018043
0	0.033556	-0.017166
0	0.033683	-0.018069
0	0.033811	-0.017065
0	0.033938	-0.017204
0	0.034065	-0.018107
0	0.034192	-0.016721
0	0.034319	-0.017115
0	0.034446	-0.018145
0	0.034573	-0.016759
0	0.0347	-0.018425
0	0.034827	-0.017166
0	0.034955	-0.016797
0	0.035082	-0.017318
0	0.035209	-0.017331
0	0.035336	-0.018233
0	0.035463	-0.018754
0	0.03559	-0.01686
0	0.035717	-0.016873
0	0.035844	-0.018792
0	0.035971	-0.018423
0	0.036099	-0.018308
0	0.036226	-0.018829
0	0.036353	-0.016935
0	0.03648	-0.018345
0	0.036607	-0.016959
0	0.036734	-0.017353
0	0.036861	-0.018382
0	0.036988	-0.018394
0	0.037115	-0.017517
0	0.037242	-0.018419
0	0.03737	-0.018431
0	0.037497	-0.017045
0	0.037624	-0.018964
0	0.037751	-0.018976
0	0.037878	-0.017463
0	0.038005	-0.017094
0	0.038132	-0.017614
0	0.038259	-0.018516
0	0.038386	-0.018528
0	0.038514	-0.017651
0	0.038641	-0.019061
0	0.038768	-0.017166
0	0.038895	-0.019085
0	0.039022	-0.019097
0	0.039149	-0.019109
0	0.039276	-0.017722
0	0.039403	-0.018624
0	0.03953	-0.018763
0	0.039658	-0.017758
0	0.039785	-0.017643
0	0.039912	-0.018671
0	0.040039	-0.017666
0	0.040166	-0.017805
0	0.040293	-0.01769
0	0.04042	-0.017702
0	0.040547	-0.019239
0	0.040674	-0.017725
0	0.040801	-0.018754
0	0.040929	-0.018765
0	0.041056	-0.019285
0	0.041183	-0.017899
0	0.04131	-0.017783
0	0.041437	-0.017795
0	0.041564	-0.017807
0	0.041691	-0.018835
0	0.041818	-0.018974
0	0.041945	-0.018858
0	0.042073	-0.01887
0	0.0422	-0.018881
0	0.042327	-0.018892
0	0.042454	-0.017887
0	0.042581	-0.017898
0	0.042708	-0.018037
0	0.042835	-0.019065
0	0.042962	-0.018949
0	0.043089	-0.017944
0	0.043217	-0.01948
0	0.043344	-0.019492
0	0.043471	-0.018105
0	0.043598	-0.019006
0	0.043725	-0.019144
0	0.043852	-0.019155
0	0.043979	-0.019039
0	0.044106	-0.019686
0	0.044233	-0.018045
0	0.044361	-0.0192
0	0.044488	-0.019084
0	0.044615	-0.018078
0	0.044742	-0.018089
0	0.044869	-0.0181
0	0.044996	-0.018111
0	0.045123	-0.019648
0	0.04525	-0.019659
0	0.045377	-0.01967
0	0.045504	-0.018282
0	0.045632	-0.018166
0	0.045759	-0.019702
0	0.045886	-0.019332
0	0.046013	-0.018326
0	0.04614	-0.019354
0	0.046267	-0.019365
0	0.046394	-0.019375
0	0.046521	-0.019768
0	0.046648	-0.018253
0	0.046776	-0.019408
0	0.046903	-0.019291
0	0.04703	-0.019429
0	0.047157	-0.019821
0	0.047284	-0.019832
0	0.047411	-0.019461
0	0.047538	-0.019345
0	0.047665	-0.020245
0	0.047792	-0.018349
0	0.04792	-0.020139
0	0.048047	-0.019514
0	0.048174	-0.019525
0	0.048301	-0.018391
0	0.048428	-0.019927
0	0.048555	-0.019556
0	0.048682	-0.020075
0	0.048809	-0.019577
0	0.048936	-0.018444
0	0.049063	-0.020361
0	0.049191	-0.020498
0	0.049318	-0.018475
0	0.049445	-0.020519
0	0.049572	-0.019639
0	0.049699	-0.018506
0	0.049826	-0.02055
0	0.049953	-0.02056
0	0.05008	-0.019553
0	0.050207	-0.02058
0	0.050335	-0.018557
0	0.050462	-0.018567
0	0.050589	-0.020611
0	0.050716	-0.019731
0	0.050843	-0.019741
0	0.05097	-0.019752
0	0.051097	-0.019762
0	0.051224	-0.019645
0	0.051351	-0.019782
0	0.051479	-0.019792
0	0.051606	-0.019802
0	0.051733	-0.019685
0	0.05186	-0.019695
0	0.051987	-0.020721
0	0.052114	-0.019714
0	0.052241	-0.020741
0	0.052368	-0.019734
0	0.052495	-0.019744
0	0.052622	-0.020771
0	0.05275	-0.019764
0	0.052877	-0.019774
0	0.053004	-0.0208
0	0.053131	-0.02081
0	0.053258	-0.02082
0	0.053385	-0.019813
0	0.053512	-0.019949
0	0.053639	-0.019832
0	0.053766	-0.020858
0	0.053894	-0.019851
0	0.054021	-0.020878
0	0.054148	-0.020887
0	0.054275	-0.020897
0	0.054402	-0.020906
0	0.054529	-0.020916
0	0.054656	-0.020926
0	0.054783	-0.020935
0	0.05491	-0.020944
0	0.055038	-0.020954
0	0.055165	-0.020963
0	0.055292	-0.020973
0	0.055419	-0.021109
0	0.055546	-0.020992
0	0.055673	-0.021001
0	0.0558	-0.02101
0	0.055927	-0.02102
0	0.056054	-0.021029
0	0.056182	-0.021038
0	0.056309	-0.021047
0	0.056436	-0.021057
0	0.056563	-0.021066
0	0.05669	-0.021075
0	0.056817	-0.021084
0	0.056944	-0.021094
0	0.057071	-0.021103
0	0.057198	-0.021112
0	0.057325	-0.021121
0	0.057453	-0.02113
0	0.05758	-0.021139
0	0.057707	-0.021148
0	0.057834	-0.021157
0	0.057961	-0.021166
0	0.058088	-0.021175
0	0.058215	-0.021184
0	0.058342	-0.021193
0	0.058469	-0.021202
0	0.058597	-0.021211
0	0.058724	-0.02122
0	0.058851	-0.021229
0	0.058978	-0.021237
0	0.059105	-0.021246
0	0.059232	-0.021255
0	0.059359	-0.021264
0	0.059486	-0.021273
0	0.059613	-0.021281
0	0.059741	-0.02129
0	0.059868	-0.021299
0	0.059995	-0.021308
0	0.060122	-0.021316
0	0.060249	-0.021325
0	0.060376	-0.021333
0	0.060503	-0.021342
0	0.06063	-0.021351
0	0.060757	-0.021359
0	0.060884	-0.021368
0	0.061012	-0.021376
0	0.061139	-0.021385
0	0.061266	-0.021393
0	0.061393	-0.021402
0	0.06152	-0.02141
0	0.061647	-0.021419
0	0.061774	-0.021427
0	0.061901	-0.021435
0	0.062028	-0.021444
0	0.062156	-0.021452
0	0.062283	-0.021461
0	0.06241	-0.021469
0	0.062537	-0.021477
0	0.062664	-0.021485
0	0.062791	-0.021494
0	0.062918	-0.021502
0	0.063045	-0.02151
0	0.063172	-0.021518
0	0.0633	-0.021526
0	0.063427	-0.021535
0	0.063554	-0.021543
0	0.063681	-0.021551
0	0.063808	-0.021559
0	0.063935	-0.021567
0	0.064062	-0.021575
0	0.064189	-0.021583
0	0.064316	-0.021591
0	0.064443	-0.021599
0	0.064571	-0.021607
0	0.064698	-0.021615
0	0.064825	-0.021623
0	0.064952	-0.021631
0	0.065079	-0.021639
0	0.065206	-0.021647
0	0.065333	-0.021655
0	0.06546	-0.021662
0	0.065587	-0.02167
0	0.065715	-0.021678
0	0.065842	-0.021686
0	0.065969	-0.021694
0	0.066096	-0.021701
0	0.066223	-0.021709
0	0.06635	-0.021717
0	0.066477	-0.021724
0	0.066604	-0.021732
0	0.066731	-0.02174
0	0.066859	-0.021747
0	0.066986	-0.021755
0	0.067113	-0.021762
0	0.06724	-0.02177
0	0.067367	-0.021778
0	0.067494	-0.021785
0	0.067621	-0.021793
0	0.067748	-0.0218
0	0.067875	-0.021807
0	0.068002	-0.021815
0	0.06813	-0.021822
0	0.068257	-0.02183
0	0.068384	-0.021837
0	0.068511	-0.021844
0	0.068638	-0.021852
0	0.068765	-0.021859
0	0.068892	-0.021866
0	0.069019	-0.021874
0	0.069146	-0.021881
0	0.069274	-0.021888
0	0.069401	-0.021895
0	0.069528	-0.021903
0	0.069655	-0.02191
0	0.069782	-0.021917
0	0.069909	-0.021924
0	0.070036	-0.021931
0	0.070163	-0.021938
0	0.07029	-0.021945
0	0.070418	-0.021952
0	0.070545	-0.021959
0	0.070672	-0.021967
0	0.070799	-0.021974
0	0.070926	-0.02198
0	0.071053	-0.021987
0	0.07118	-0.021994
0	0.071307	-0.022001
0	0.071434	-0.022008
0	0.071562	-0.022015
0	0.071689	-0.022022
0	0.071816	-0.022029
0	0.071943	-0.022036
0	0.07207	-0.022042
0	0.072197	-0.022049
0	0.072324	-0.022056
0	0.072451	-0.022063
0	0.072578	-0.022069
0	0.072705	-0.022076
0	0.072833	-0.022083
0	0.07296	-0.022089
0	0.073087	-0.022096
0	0.073214	-0.022103
0	0.073341	-0.022109
0	0.073468	-0.022116
0	0.073595	-0.022122
0	0.073722	-0.022129
0	0.073849	-0.022136
0	0.073977	-0.022142
0	0.074104	-0.022149
0	0.074231	-0.022155
0	0.074358	-0.022161
0	0.074485	-0.022168
0	0.074612	-0.022174
0	0.074739	-0.022181
0	0.074866	-0.022187
0	0.074993	-0.022193
0	0.075121	-0.0222
0	0.075248	-0.022206
0	0.075375	-0.022212
0	0.075502	-0.022219
0	0.075629	-0.022225
0	0.075756	-0.022231
0	0.075883	-0.022237
0	0.07601	-0.022243
0	0.076137	-0.02225
0	0.076264	-0.022256
0	0.076392	-0.022262
0	0.076519	-0.022268
0	0.076646	-0.022274
0	0.076773	-0.02228
0	0.0769	-0.022286
0	0.077027	-0.022292
0	0.077154	-0.022298
0	0.077281	-0.022304
0	0.077408	-0.02231
0	0.077536	-0.022316
0	0.077663	-0.022322
0	0.07779	-0.022328
0	0.077917	-0.022334
0	0.078044	-0.02234
0	0.078171	-0.022346
0	0.078298	-0.022351
0	0.078425	-0.022357
0	0.078552	-0.022363
0	0.07868	-0.022369
0	0.078807	-0.022375
0	0.078934	-0.02238
0	0.079061	-0.022386
0	0.079188	-0.022392
0	0.079315	-0.022397
0	0.079442	-0.022403
0	0.079569	-0.022409
0	0.079696	-0.022414
0	0.079823	-0.02242
0	0.079951	-0.022425
0	0.080078	-0.022431
0	0.080205	-0.022436
0	0.080332	-0.022442
0	0.080459	-0.022447
0	0.080586	-0.022453
0	0.080713	-0.022458
0	0.08084	-0.022464
0	0.080967	-0.022469
0	0.081095	-0.022475
0	0.081222	-0.02248
0	0.081349	-0.022485
0	0.081476	-0.022491
0	0.081603	-0.022496
0	0.08173	-0.022501
0	0.081857	-0.022507
0	0.081984	-0.022512
0	0.082111	-0.022517
0	0.082239	-0.022522
0	0.082366	-0.022527
0	0.082493	-0.022533
0	0.08262	-0.022538
0	0.082747	-0.022543
0	0.082874	-0.022548
0	0.083001	-0.022553
0	0.083128	-0.022558
0	0.083255	-0.022563
0	0.083382	-0.022568
0	0.08351	-0.022573
0	0.083637	-0.022578
0	0.083764	-0.022583
0	0.083891	-0.022588
0	0.084018	-0.022593
0	0.084145	-0.022598
0	0.084272	-0.022603
0	0.084399	-0.022608
0	0.084526	-0.022613
0	0.084654	-0.022618
0	0.084781	-0.022622
0	0.084908	-0.022627
0	0.085035	-0.022632
0	0.085162	-0.022637
0	0.085289	-0.022641
0	0.085416	-0.022646
0	0.085543	-0.022651
0	0.08567	-0.022655
0	0.085798	-0.02266
0	0.085925	-0.022665
0	0.086052	-0.022669
0	0.086179	-0.022674
0	0.086306	-0.022679
0	0.086433	-0.022683
0	0.08656	-0.022688
0	0.086687	-0.022819
0	0.086814	-0.022951
0	0.086942	-0.022955
0	0.087069	-0.023087
0	0.087196	-0.023218
0	0.087323	-0.023223
0	0.08745	-0.023227
0	0.087577	-0.023232
0	0.087704	-0.023236
0	0.087831	-0.02324
0	0.087958	-0.023245
0	0.088085	-0.023122
0	0.088213	-0.022999
0	0.08834	-0.023003
0	0.088467	-0.02288
0	0.088594	-0.022758
0	0.088721	-0.022762
0	0.088848	-0.022766
0	0.088975	-0.02277
0	0.089102	-0.022774
0	0.089229	-0.022778
0	0.089357	-0.022782
0	0.089484	-0.022787
0	0.089611	-0.022791
0	0.089738	-0.022795
0	0.089865	-0.022799
0	0.089992	-0.022803
0	0.090119	-0.022807
0	0.090246	-0.022811
0	0.090373	-0.022815
0	0.090501	-0.022819
0	0.090628	-0.022822
0	0.090755	-0.022826
0	0.090882	-0.02283
0	0.091009	-0.022834
0	0.091136	-0.022838
0	0.091263	-0.022842
0	0.09139	-0.022845
0	0.091517	-0.022849
0	0.091644	-0.022853
0	0.091772	-0.022857
0	0.091899	-0.02286
0	0.092026	-0.022864
0	0.092153	-0.022868
0	0.09228	-0.022871
0	0.092407	-0.022494
0	0.092534	-0.02237
0	0.092661	-0.022628
0	0.092788	-0.022377
0	0.092916	-0.022381
0	0.093043	-0.022384
0	0.09317	-0.022388
0	0.093297	-0.022391
0	0.093424	-0.022395
0	0.093551	-0.022398
0	0.093678	-0.022402
0	0.093805	-0.022405
0	0.093932	-0.022408
0	0.09406	-0.022412
0	0.094187	-0.022415
0	0.094314	-0.022419
0	0.094441	-0.022422
0	0.094568	-0.022425
0	0.094695	-0.022428
0	0.094822	-0.022432
0	0.094949	-0.022435
0	0.095076	-0.022438
0	0.095203	-0.022441
0	0.095331	-0.022444
0	0.095458	-0.022448
0	0.095585	-0.022451
0	0.095712	-0.022454
0	0.095839	-0.022457
0	0.095966	-0.02246
0	0.096093	-0.022463
0	0.09622	-0.022466
0	0.096347	-0.022469
0	0.096475	-0.022345
0	0.096602	-0.022221
0	0.096729	-0.022224
0	0.096856	-0.0221
0	0.096983	-0.021975
0	0.09711	-0.021978
0	0.097237	-0.021981
0	0.097364	-0.021857
0	0.097491	-0.021733
0	0.097619	-0.021735
0	0.097746	-0.021611
0	0.097873	-0.021487
0	0.098	-0.021489
0	0.098127	-0.021492
0	0.098254	-0.021495
0	0.098381	-0.021498
0	0.098508	-0.0215
0	0.098635	-0.021503
0	0.098763	-0.021506
0	0.09889	-0.021508
0	0.099017	-0.021511
0	0.099144	-0.021513
0	0.099271	-0.021516
0	0.099398	-0.021518
0	0.099525	-0.021521
0	0.099652	-0.021523
0	0.099779	-0.021526
0	0.099906	-0.021528
0	0.100034	-0.021531
0	0.100161	-0.021533
0	0.100288	-0.021536
0	0.100415	-0.021538
0	0.100542	-0.02154
0	0.100669	-0.021543
0	0.100796	-0.021545
0	0.100923	-0.021547
0	0.10105	-0.02155
0	0.101178	-0.021552
0	0.101305	-0.021554
0	0.101432	-0.021556
0	0.101559	-0.021431
0	0.101686	-0.021433
0	0.101813	-0.021309
0	0.10194	-0.021311
0	0.102067	-0.021186
0	0.102194	-0.021188
0	0.102322	-0.021063
0	0.102449	-0.021065
0	0.102576	-0.021067
0	0.102703	-0.021069
0	0.10283	-0.021071
0	0.102957	-0.021073
0	0.103084	-0.021075
0	0.103211	-0.021077
0	0.103338	-0.021079
0	0.103465	-0.021081
0	0.103593	-0.021082
0	0.10372	-0.021084
0	0.103847	-0.021086
0	0.103974	-0.021088
0	0.104101	-0.02109
0	0.104228	-0.021091
0	0.104355	-0.021093
0	0.104482	-0.021095
0	0.104609	-0.021097
0	0.104737	-0.020971
0	0.104864	-0.0211
0	0.104991	-0.021102
0	0.105118	-0.021103
0	0.105245	-0.020978
0	0.105372	-0.020725
0	0.105499	-0.020727
0	0.105626	-0.020856
0	0.105753	-0.02073
0	0.105881	-0.020731
0	0.106008	-0.020733
0	0.106135	-0.020734
0	0.106262	-0.020736
0	0.106389	-0.020737
0	0.106516	-0.020739
0	0.106643	-0.02074
0	0.10677	-0.020742
0	0.106897	-0.020743
0	0.107024	-0.020744
0	0.107152	-0.020746
0	0.107279	-0.020747
0	0.107406	-0.020748
0	0.107533	-0.020749
0	0.10766	-0.020751
0	0.107787	-0.020752
0	0.107914	-0.020753
0	0.108041	-0.020754
0	0.108168	-0.020755
0	0.108296	-0.020757
0	0.108423	-0.020758
0	0.10855	-0.020759
0	0.108677	-0.02076
0	0.108804	-0.020761
0	0.108931	-0.020635
0	0.109058	-0.020636
0	0.109185	-0.020637
0	0.109312	-0.020638
0	0.10944	-0.020512
0	0.109567	-0.020513
0	0.109694	-0.020514
0	0.109821	-0.020514
0	0.109948	-0.020515
0	0.110075	-0.020389
0	0.110202	-0.02039
0	0.110329	-0.020391
0	0.110456	-0.020264
0	0.110583	-0.020138
0	0.110711	-0.020012
0	0.110838	-0.020013
0	0.110965	-0.019886
0	0.111092	-0.01976
0	0.111219	-0.01976
0	0.111346	-0.019761
0	0.111473	-0.019762
0	0.1116	-0.019762
0	0.111727	-0.019763
0	0.111855	-0.019764
0	0.111982	-0.019764
0	0.112109	-0.019765
0	0.112236	-0.019765
0	0.112363	-0.019766
0	0.11249	-0.019766
0	0.112617	-0.019767
0	0.112744	-0.019767
0	0.112871	-0.019768
0	0.112999	-0.019641
0	0.113126	-0.019514
0	0.113253	-0.019515
0	0.11338	-0.019388
0	0.113507	-0.019261
0	0.113634	-0.019261
0	0.113761	-0.019262
0	0.113888	-0.019262
0	0.114015	-0.019262
0	0.114143	-0.019262
0	0.11427	-0.019263
0	0.114397	-0.019263
0	0.114524	-0.019263
0	0.114651	-0.019263
0	0.114778	-0.019263
0	0.114905	-0.019263
0	0.115032	-0.019263
0	0.115159	-0.019263
0	0.115286	-0.019263
0	0.115414	-0.018882
0	0.115541	-0.018755
0	0.115668	-0.018755
0	0.115795	-0.018882
0	0.115922	-0.018755
0	0.116049	-0.018755
0	0.116176	-0.018755
0	0.116303	-0.018755
0	0.11643	-0.018755
0	0.116558	-0.018754
0	0.116685	-0.018754
0	0.116812	-0.018754
0	0.116939	-0.018754
0	0.117066	-0.018754
0	0.117193	-0.018753
0	0.11732	-0.018753
0	0.117447	-0.018753
0	0.117574	-0.018753
0	0.117702	-0.018752
0	0.117829	-0.018752
0	0.117956	-0.018624
0	0.118083	-0.018497
0	0.11821	-0.018496
0	0.118337	-0.018369
0	0.118464	-0.018241
0	0.118591	-0.018241
0	0.118718	-0.01824
0	0.118845	-0.01824
0	0.118973	-0.018239
0	0.1191	-0.018239
0	0.119227	-0.018238
0	0.119354	-0.018238
0	0.119481	-0.018237
0	0.119608	-0.018236
0	0.119735	-0.018236
0	0.119862	-0.018235
0	0.119989	-0.018234
0	0.120117	-0.018234
0	0.120244	-0.018233
0	0.120371	-0.018105
0	0.120498	-0.017977
0	0.120625	-0.017977
0	0.120752	-0.017849
0	0.120879	-0.017721
0	0.121006	-0.01772
0	0.121133	-0.017719
0	0.121261	-0.017718
0	0.121388	-0.017717
0	0.121515	-0.017716
0	0.121642	-0.017715
0	0.121769	-0.017714
0	0.121896	-0.017713
0	0.122023	-0.017712
0	0.12215	-0.017711
0	0.122277	-0.01771
0	0.122404	-0.017709
0	0.122532	-0.017708
0	0.122659	-0.017707
0	0.122786	-0.017706
0	0.122913	-0.017705
0	0.12304	-0.017704
0	0.123167	-0.017702
0	0.123294	-0.017701
0	0.123421	-0.0177
0	0.123548	-0.017699
0	0.123676	-0.017698
0	0.123803	-0.017315
0	0.12393	-0.017314
0	0.124057	-0.017312
0	0.124184	-0.017311
0	0.124311	-0.01731
0	0.124438	-0.017308
0	0.124565	-0.017307
0	0.124692	-0.017305
0	0.12482	-0.017304
0	0.124947	-0.017303
0	0.125074	-0.017174
0	0.125201	-0.017172
0	0.125328	-0.017171
0	0.125455	-0.017042
0	0.125582	-0.017041
0	0.125709	-0.017039
0	0.125836	-0.01691
0	0.125964	-0.016909
0	0.126091	-0.016907
0	0.126218	-0.016778
0	0.126345	-0.016777
0	0.126472	-0.016775
0	0.126599	-0.016773
0	0.126726	-0.016772
0	0.126853	-0.01677
0	0.12698	-0.016768
0	0.127107	-0.016766
0	0.127235	-0.016637
0	0.127362	-0.016635
0	0.127489	-0.016634
0	0.127616	-0.016632
0	0.127743	-0.01663
0	0.12787	-0.016628
0	0.127997	-0.016499
0	0.128124	-0.016624
0	0.128251	-0.016495
0	0.128379	-0.016493
0	0.128506	-0.016491
0	0.128633	-0.016489
0	0.12876	-0.016487
0	0.128887	-0.016485
0	0.129014	-0.016483
0	0.129141	-0.016481
0	0.129268	-0.016478
0	0.129395	-0.016476
0	0.129523	-0.016474
0	0.12965	-0.016345
0	0.129777	-0.016215
0	0.129904	-0.015959
0	0.130031	-0.01583
0	0.130158	-0.0157
0	0.130285	-0.015698
0	0.130412	-0.015696
0	0.130539	-0.015693
0	0.130666	-0.015691
0	0.130794	-0.015689
0	0.130921	-0.015686
0	0.131048	-0.015684
0	0.131175	-0.015681
0	0.131302	-0.015679
0	0.131429	-0.015676
0	0.131556	-0.015674
0	0.131683	-0.015671
0	0.13181	-0.015669
0	0.131938	-0.015666
0	0.132065	-0.015664
0	0.132192	-0.015661
0	0.132319	-0.015659
0	0.132446	-0.015656
0	0.132573	-0.015526
0	0.1327	-0.015142
0	0.132827	-0.015139
0	0.132954	-0.015264
0	0.133082	-0.015134
0	0.133209	-0.015131
0	0.133336	-0.015129
0	0.133463	-0.015253
0	0.13359	-0.015377
0	0.133717	-0.015374
0	0.133844	-0.015499
0	0.133971	-0.015623
0	0.134098	-0.01562
0	0.134225	-0.015617
0	0.134353	-0.015614
0	0.13448	-0.015484
0	0.134607	-0.015481
0	0.134734	-0.015478
0	0.134861	-0.015475
0	0.134988	-0.015472
0	0.135115	-0.015469
0	0.135242	-0.015339
0	0.135369	-0.015336
0	0.135497	-0.015333
0	0.135624	-0.015329
0	0.135751	-0.015199
0	0.135878	-0.015196
0	0.136005	-0.015193
0	0.136132	-0.01519
0	0.136259	-0.015059
0	0.136386	-0.015056
0	0.136513	-0.015053
0	0.136641	-0.015049
0	0.136768	-0.015046
0	0.136895	-0.015043
0	0.137022	-0.014912
0	0.137149	-0.014909
0	0.137276	-0.014906
0	0.137403	-0.014902
0	0.13753	-0.014899
0	0.137657	-0.014895
0	0.137784	-0.012858
0	0.137912	-0.014888
0	0.138039	-0.012724
0	0.138166	-0.012593
0	0.138293	-0.014751
0	0.13842	-0.012586
0	0.138547	-0.014744
0	0.138674	-0.01474
0	0.138801	-0.014736
0	0.138928	-0.012572
0	0.139056	-0.014602
0	0.139183	-0.014598
0	0.13931	-0.014595
0	0.139437	-0.012557
0	0.139564	-0.012553
0	0.139691	-0.01255
0	0.139818	-0.012673
0	0.139945	-0.012669
0	0.140072	-0.014445
0	0.1402	-0.012534
0	0.140327	-0.01253
0	0.140454	-0.012654
0	0.140581	-0.01265
0	0.140708	-0.012519
0	0.140835	-0.014294
0	0.140962	-0.012511
0	0.141089	-0.012634
0	0.141216	-0.014282
0	0.141344	-0.014151
0	0.141471	-0.012495
0	0.141598	-0.012745
0	0.141725	-0.014139
0	0.141852	-0.012483
0	0.141979	-0.012606
0	0.142106	-0.014127
0	0.142233	-0.014123
0	0.14236	-0.012466
0	0.142487	-0.012589
0	0.142615	-0.01411
0	0.142742	-0.014106
0	0.142869	-0.012449
0	0.142996	-0.012572
0	0.143123	-0.01244
0	0.14325	-0.012436
0	0.143377	-0.012559
0	0.143504	-0.012555
0	0.143631	-0.013948
0	0.143759	-0.012546
0	0.143886	-0.012414
0	0.144013	-0.01241
0	0.14414	-0.013931
0	0.144267	-0.012528
0	0.144394	-0.012396
0	0.144521	-0.012519
0	0.144648	-0.012514
0	0.144775	-0.01251
0	0.144903	-0.012378
0	0.14503	-0.013899
0	0.145157	-0.013894
0	0.145284	-0.012364
0	0.145411	-0.013758
0	0.145538	-0.013753
0	0.145665	-0.012477
0	0.145792	-0.012346
0	0.145919	-0.013739
0	0.146046	-0.012336
0	0.146174	-0.012331
0	0.146301	-0.013725
0	0.146428	-0.012322
0	0.146555	-0.013715
0	0.146682	-0.012312
0	0.146809	-0.012434
0	0.146936	-0.013573
0	0.147063	-0.012297
0	0.14719	-0.012292
0	0.147318	-0.012415
0	0.147445	-0.013426
0	0.147572	-0.013421
0	0.147699	-0.012272
0	0.147826	-0.013411
0	0.147953	-0.013406
0	0.14808	-0.012257
0	0.148207	-0.012252
0	0.148334	-0.012247
0	0.148462	-0.012369
0	0.148589	-0.012364
0	0.148716	-0.013248
0	0.148843	-0.012354
0	0.14897	-0.013238
0	0.149097	-0.01336
0	0.149224	-0.013355
0	0.149351	-0.013222
0	0.149478	-0.0122
0	0.149605	-0.012322
0	0.149733	-0.012189
0	0.14986	-0.013201
0	0.149987	-0.012179
0	0.150114	-0.012173
0	0.150241	-0.012168
0	0.150368	-0.013179
0	0.150495	-0.013174
0	0.150622	-0.012152
0	0.150749	-0.012273
0	0.150877	-0.013157
0	0.151004	-0.012262
0	0.151131	-0.013019
0	0.151258	-0.013014
0	0.151385	-0.012118
0	0.151512	-0.012113
0	0.151639	-0.012361
0	0.151766	-0.012991
0	0.151893	-0.012986
0	0.152021	-0.01209
0	0.152148	-0.012211
0	0.152275	-0.012714
0	0.152402	-0.012073
0	0.152529	-0.012576
0	0.152656	-0.01257
0	0.152783	-0.012056
0	0.15291	-0.01205
0	0.153037	-0.012044
0	0.153164	-0.012292
0	0.153292	-0.012032
0	0.153419	-0.012789
0	0.153546	-0.01202
0	0.153673	-0.012014
0	0.1538	-0.012771
0	0.153927	-0.012638
0	0.154054	-0.012632
0	0.154181	-0.012626
0	0.154308	-0.011984
0	0.154436	-0.011978
0	0.154563	-0.012608
0	0.15469	-0.012474
0	0.154817	-0.012468
0	0.154944	-0.011954
0	0.155071	-0.012202
0	0.155198	-0.011941
0	0.155325	-0.011935
0	0.155452	-0.011929
0	0.15558	-0.011923
0	0.155707	-0.011916
0	0.155834	-0.01191
0	0.155961	-0.011904
0	0.156088	-0.011898
0	0.156215	-0.011891
0	0.156342	-0.011885
0	0.156469	-0.011878
0	0.156596	-0.011872
0	0.156724	-0.011866
0	0.156851	-0.011859
0	0.156978	-0.011853
0	0.157105	-0.011846
0	0.157232	-0.01184
0	0.157359	-0.011833
0	0.157486	-0.00992
0	0.157613	-0.01182
0	0.15774	-0.011813
0	0.157867	-0.011807
0	0.157995	-0.0118
0	0.158122	-0.009887
0	0.158249	-0.011787
0	0.158376	-0.008857
0	0.158503	-0.00885
0	0.15863	-0.011767
0	0.158757	-0.009853
0	0.158884	-0.011753
0	0.159011	-0.008823
0	0.159139	-0.009833
0	0.159266	-0.009953
0	0.159393	-0.008803
0	0.15952	-0.011465
0	0.159647	-0.009806
0	0.159774	-0.008782
0	0.159901	-0.008775
0	0.160028	-0.009785
0	0.160155	-0.009778
0	0.160283	-0.009898
0	0.16041	-0.009764
0	0.160537	-0.009757
0	0.160664	-0.011148
0	0.160791	-0.009743
0	0.160918	-0.009736
0	0.161045	-0.011254
0	0.161172	-0.009213
0	0.161299	-0.009714
0	0.161426	-0.009834
0	0.161554	-0.011225
0	0.161681	-0.009312
0	0.161808	-0.009813
0	0.161935	-0.011204
0	0.162062	-0.009671
0	0.162189	-0.009155
0	0.162316	-0.009784
0	0.162443	-0.009141
0	0.16257	-0.009134
0	0.162698	-0.009635
0	0.162825	-0.009627
0	0.162952	-0.009111
0	0.163079	-0.009612
0	0.163206	-0.009224
0	0.163333	-0.009089
0	0.16346	-0.009082
0	0.163587	-0.010981
0	0.163714	-0.009067
0	0.163842	-0.010966
0	0.163969	-0.009687
0	0.164096	-0.009044
0	0.164223	-0.009163
0	0.16435	-0.009537
0	0.164477	-0.009529
0	0.164604	-0.010412
0	0.164731	-0.010404
0	0.164858	-0.009506
0	0.164985	-0.010388
0	0.165113	-0.009491
0	0.16524	-0.008466
0	0.165367	-0.009603
0	0.165494	-0.009468
0	0.165621	-0.008443
0	0.165748	-0.008435
0	0.165875	-0.008427
0	0.166002	-0.009436
0	0.166129	-0.00892
0	0.166257	-0.00942
0	0.166384	-0.010175
0	0.166511	-0.008388
0	0.166638	-0.008888
0	0.166765	-0.009007
0	0.166892	-0.009381
0	0.167019	-0.009881
0	0.167146	-0.008348
0	0.167273	-0.008975
0	0.167401	-0.009348
0	0.167528	-0.008959
0	0.167655	-0.008824
0	0.167782	-0.009324
0	0.167909	-0.008807
0	0.168036	-0.009435
0	0.168163	-0.009426
0	0.16829	-0.007766
0	0.168417	-0.00941
0	0.168545	-0.009275
0	0.168672	-0.008758
0	0.168799	-0.008241
0	0.168926	-0.007724
0	0.169053	-0.007716
0	0.16918	-0.008725
0	0.169307	-0.008843
0	0.169434	-0.009216
0	0.169561	-0.007682
0	0.169688	-0.007674
0	0.169816	-0.009191
0	0.169943	-0.007657
0	0.17007	-0.008157
0	0.170197	-0.009674
0	0.170324	-0.00814
0	0.170451	-0.009657
0	0.170578	-0.00825
0	0.170705	-0.008114
0	0.170832	-0.009631
0	0.17096	-0.008732
0	0.171087	-0.009613
0	0.171214	-0.007571
0	0.171341	-0.008706
0	0.171468	-0.007554
0	0.171595	-0.007672
0	0.171722	-0.009316
0	0.171849	-0.008544
0	0.171976	-0.009298
0	0.172104	-0.00751
0	0.172231	-0.008009
0	0.172358	-0.008509
0	0.172485	-0.0085
0	0.172612	-0.007983
0	0.172739	-0.007465
0	0.172866	-0.008219
0	0.172993	-0.007574
0	0.17312	-0.008074
0	0.173247	-0.007429
0	0.173375	-0.008437
0	0.173502	-0.00792
0	0.173629	-0.007911
0	0.173756	-0.00841
0	0.173883	-0.008019
0	0.17401	-0.008519
0	0.174137	-0.008001
0	0.174264	-0.007865
0	0.174391	-0.007347
0	0.174519	-0.007974
0	0.174646	-0.007837
0	0.174773	-0.007828
0	0.1749	-0.00731
0	0.175027	-0.007937
0	0.175154	-0.0078
0	0.175281	-0.007282
0	0.175408	-0.007782
0	0.175535	-0.007391
0	0.175663	-0.007254
0	0.17579	-0.007245
0	0.175917	-0.007363
0	0.176044	-0.008243
0	0.176171	-0.008233
0	0.176298	-0.007207
0	0.176425	-0.007325
0	0.176552	-0.007697
0	0.176679	-0.007687
0	0.176806	-0.007677
0	0.176934	-0.007795
0	0.177061	-0.008167
0	0.177188	-0.00714
0	0.177315	-0.007766
0	0.177442	-0.007756
0	0.177569	-0.00762
0	0.177696	-0.007229
0	0.177823	-0.007219
0	0.17795	-0.007718
0	0.178078	-0.007581
0	0.178205	-0.007571
0	0.178332	-0.007561
0	0.178459	-0.00717
0	0.178586	-0.00805
0	0.178713	-0.00804
0	0.17884	-0.007522
0	0.178967	-0.007639
0	0.179094	-0.007502
0	0.179222	-0.007492
0	0.179349	-0.007101
0	0.179476	-0.006964
0	0.179603	-0.006954
0	0.17973	-0.007071
0	0.179857	-0.007569
0	0.179984	-0.007432
0	0.180111	-0.006913
0	0.180238	-0.00703
0	0.180365	-0.007529
0	0.180493	-0.00701
0	0.18062	-0.007
0	0.180747	-0.006863
0	0.180874	-0.007869
0	0.181001	-0.006969
0	0.181128	-0.00734
0	0.181255	-0.007457
0	0.181382	-0.006939
0	0.181509	-0.006801
0	0.181637	-0.006791
0	0.181764	-0.007416
0	0.181891	-0.007787
0	0.182018	-0.007268
0	0.182145	-0.006877
0	0.182272	-0.007375
0	0.182399	-0.007237
0	0.182526	-0.006718
0	0.182653	-0.007724
0	0.182781	-0.006824
0	0.182908	-0.007703
0	0.183035	-0.006803
0	0.183162	-0.007301
0	0.183289	-0.007163
0	0.183416	-0.006771
0	0.183543	-0.006761
0	0.18367	-0.00764
0	0.183797	-0.007629
0	0.183925	-0.006729
0	0.184052	-0.006591
0	0.184179	-0.007089
0	0.184306	-0.007714
0	0.184433	-0.007067
0	0.18456	-0.007311
0	0.184687	-0.006919
0	0.184814	-0.008052
0	0.184941	-0.007024
0	0.185068	-0.007013
0	0.185196	-0.007129
0	0.185323	-0.008263
0	0.18545	-0.008252
0	0.185577	-0.007605
0	0.185704	-0.007086
0	0.185831	-0.007202
0	0.185958	-0.006937
0	0.186085	-0.007943
0	0.186212	-0.007042
0	0.18634	-0.007158
0	0.186467	-0.008799
0	0.186594	-0.007898
0	0.186721	-0.007506
0	0.186848	-0.00813
0	0.186975	-0.008119
0	0.187102	-0.007727
0	0.187229	-0.00797
0	0.187356	-0.008721
0	0.187484	-0.00871
0	0.187611	-0.008699
0	0.187738	-0.008687
0	0.187865	-0.008676
0	0.187992	-0.008665
0	0.188119	-0.00878
0	0.188246	-0.008896
0	0.188373	-0.008885
0	0.1885	-0.009001
0	0.188627	-0.009116
0	0.188755	-0.009105
0	0.188882	-0.009093
0	0.189009	-0.009082
0	0.189136	-0.009198
0	0.189263	-0.009313
0	0.18939	-0.009302
0	0.189517	-0.009417
0	0.189644	-0.009533
0	0.189771	-0.009521
0	0.189899	-0.00951
0	0.190026	-0.009498
0	0.190153	-0.009486
0	0.19028	-0.009475
0	0.190407	-0.009463
0	0.190534	-0.009451
0	0.190661	-0.009439
0	0.190788	-0.009428
0	0.190915	-0.009797
0	0.191043	-0.009404
0	0.19117	-0.009519
0	0.191297	-0.010016
0	0.191424	-0.009369
0	0.191551	-0.009865
0	0.191678	-0.009853
0	0.191805	-0.009333
0	0.191932	-0.009575
0	0.192059	-0.009818
0	0.192186	-0.009424
0	0.192314	-0.009539
0	0.192441	-0.009527
0	0.192568	-0.00977
0	0.192695	-0.009758
0	0.192822	-0.009745
0	0.192949	-0.009733
0	0.193076	-0.009721
0	0.193203	-0.009709
0	0.19333	-0.009697
0	0.193458	-0.009685
0	0.193585	-0.009673
0	0.193712	-0.00966
0	0.193839	-0.009648
0	0.193966	-0.009636
0	0.194093	-0.009624
0	0.19422	-0.009611
0	0.194347	-0.009599
0	0.194474	-0.009587
0	0.194602	-0.009574
0	0.194729	-0.009562
0	0.194856	-0.00955
0	0.194983	-0.009537
0	0.19511	-0.009525
0	0.195237	-0.009512
0	0.195364	-0.0095
0	0.195491	-0.009487
0	0.195618	-0.009475
0	0.195746	-0.009462
0	0.195873	-0.00945
0	0.196	-0.00931
0	0.196127	-0.009171
0	0.196254	-0.009158
0	0.196381	-0.009018
0	0.196508	-0.008878
0	0.196635	-0.008866
0	0.196762	-0.008853
0	0.196889	-0.00884
0	0.197017	-0.008828
0	0.197144	-0.008815
0	0.197271	-0.008802
0	0.197398	-0.008789
0	0.197525	-0.008777
0	0.197652	-0.008764
0	0.197779	-0.008751
0	0.197906	-0.008738
0	0.198033	-0.008725
0	0.198161	-0.008712
0	0.198288	-0.008699
0	0.198415	-0.008686
0	0.198542	-0.008673
0	0.198669	-0.008661
0	0.198796	-0.008648
0	0.198923	-0.008507
0	0.19905	-0.008367
0	0.199177	-0.008354
0	0.199305	-0.008214
0	0.199432	-0.008074
0	0.199559	-0.008061
0	0.199686	-0.008048
0	0.199813	-0.008034
0	0.19994	-0.008021
0	0.200067	-0.008008
0	0.200194	-0.007995
0	0.200321	-0.007982
0	0.200448	-0.007968
0	0.200576	-0.007955
0	0.200703	-0.007942
0	0.20083	-0.007801
0	0.200957	-0.007788
0	0.201084	-0.007902
0	0.201211	-0.007888
0	0.201338	-0.007367
0	0.201465	-0.007607
0	0.201592	-0.007848
0	0.20172	-0.007835
0	0.201847	-0.007821
0	0.201974	-0.007808
0	0.202101	-0.007794
0	0.202228	-0.007781
0	0.202355	-0.007767
0	0.202482	-0.007753
0	0.202609	-0.00774
0	0.202736	-0.007726
0	0.202864	-0.007586
0	0.202991	-0.007445
0	0.203118	-0.007431
0	0.203245	-0.00729
0	0.203372	-0.007022
0	0.203499	-0.006882
0	0.203626	-0.006868
0	0.203753	-0.006727
0	0.20388	-0.006459
0	0.204007	-0.005937
0	0.204135	-0.005796
0	0.204262	-0.005655
0	0.204389	-0.005641
0	0.204516	-0.005627
0	0.204643	-0.005613
0	0.20477	-0.005599
0	0.204897	-0.005585
0	0.205024	-0.005571
0	0.205151	-0.005557
0	0.205279	-0.005543
0	0.205406	-0.005529
0	0.205533	-0.005515
0	0.20566	-0.005501
0	0.205787	-0.005487
0	0.205914	-0.005473
0	0.206041	-0.005459
0	0.206168	-0.005445
0	0.206295	-0.00543
0	0.206423	-0.005416
0	0.20655	-0.005402
0	0.206677	-0.005388
0	0.206804	-0.005373
0	0.206931	-0.005232
0	0.207058	-0.005091
0	0.207185	-0.004949
0	0.207312	-0.004808
0	0.207439	-0.004666
0	0.207566	-0.004525
0	0.207694	-0.004383
0	0.207821	-0.004115
0	0.207948	-0.003973
0	0.208075	-0.003832
0	0.210501	-0.001606
0	0.210732	-0.001744
0	0.210962	-0.001869
0	0.211193	-0.001982
0	0.211424	-0.002086
0	0.211655	-0.002183
0	0.211886	-0.002272
0	0.212117	-0.002356
0	0.212348	-0.002435
0	0.212579	-0.002509
0	0.21281	-0.002578
0	0.213041	-0.002644
0	0.213272	-0.002706
0	0.213503	-0.002765
0	0.213734	-0.002821
0	0.213964	-0.002874
0	0.214195	-0.002925
0	0.214426	-0.002973
0	0.214657	-0.003018
0	0.214888	-0.003061
0	0.215119	-0.003103
0	0.21535	-0.003142
0	0.215581	-0.003179
0	0.215812	-0.003214
0	0.216043	-0.003248
0	0.216274	-0.00328
0	0.216505	-0.00331
0	0.216736	-0.003339
0	0.216967	-0.003366
0	0.217197	-0.003392
0	0.217428	-0.003416
0	0.217659	-0.003439
0	0.21789	-0.003461
0	0.218121	-0.003482
0	0.218352	-0.003501
0	0.218583	-0.003519
0	0.218814	-0.003536
0	0.219045	-0.003552
0	0.219276	-0.003566
0	0.219507	-0.00358
0	0.219738	-0.003593
0	0.219969	-0.003605
0	0.220199	-0.003615
0	0.22043	-0.003625
0	0.220661	-0.003634
0	0.220892	-0.003642
0	0.221123	-0.003649
0	0.221354	-0.003655
0	0.221585	-0.003661
0	0.221816	-0.003665
0	0.222047	-0.003669
0	0.222278	-0.003672
0	0.222509	-0.003674
0	0.22274	-0.003676
0	0.222971	-0.003677
0	0.223201	-0.003677
0	0.223432	-0.003676
0	0.223663	-0.003675
0	0.223894	-0.003673
0	0.224125	-0.00367
0	0.224356	-0.003667
0	0.224587	-0.003663
0	0.224818	-0.003659
0	0.225049	-0.003653
0	0.22528	-0.003648
0	0.225511	-0.003641
0	0.225742	-0.003635
0	0.225973	-0.003627
0	0.226203	-0.003619
0	0.226434	-0.003611
0	0.226665	-0.003602
0	0.226896	-0.003592
0	0.227127	-0.003582
0	0.227358	-0.003572
0	0.227589	-0.00356
0	0.22782	-0.003549
0	0.228051	-0.003537
0	0.228282	-0.003525
0	0.228513	-0.003512
0	0.228744	-0.003498
0	0.228975	-0.003484
0	0.229206	-0.00347
0	0.229436	-0.003456
0	0.229667	-0.00344
0	0.229898	-0.003425
0	0.230129	-0.003409
0	0.23036	-0.003393
0	0.230591	-0.003376
0	0.230822	-0.003359
0	0.231053	-0.003342
0	0.231284	-0.003324
0	0.231515	-0.003305
0	0.231746	-0.003287
0	0.231977	-0.003268
0	0.232208	-0.003249
0	0.232438	-0.003229
0	0.232669	-0.003209
0	0.2329	-0.003189
0	0.233131	-0.003168
0	0.233362	-0.003147
0	0.233593	-0.003126
0	0.233824	-0.003104
0	0.234055	-0.003082
0	0.234286	-0.00306
0	0.234517	-0.003038
0	0.234748	-0.003015
0	0.234979	-0.002992
0	0.23521	-0.002968
0	0.23544	-0.002945
0	0.235671	-0.002921
0	0.235902	-0.002896
0	0.236133	-0.002872
0	0.236364	-0.002847
0	0.236595	-0.002822
0	0.236826	-0.002796
0	0.237057	-0.002771
0	0.237288	-0.002745
0	0.237519	-0.002719
0	0.23775	-0.002692
0	0.237981	-0.002665
0	0.238212	-0.002638
0	0.238443	-0.002611
0	0.238673	-0.002584
0	0.238904	-0.002556
0	0.239135	-0.002528
0	0.239366	-0.0025
0	0.239597	-0.002471
0	0.239828	-0.002443
0	0.240059	-0.002414
0	0.24029	-0.002385
0	0.240521	-0.002355
0	0.240752	-0.002326
0	0.240983	-0.002296
0	0.241214	-0.002266
0	0.241445	-0.002236
0	0.241675	-0.002205
0	0.241906	-0.002174
0	0.242137	-0.002143
0	0.242368	-0.002112
0	0.242599	-0.002081
0	0.24283	-0.002049
0	0.243061	-0.002017
0	0.243292	-0.001985
0	0.243523	-0.001953
0	0.243754	-0.00192
0	0.243985	-0.001887
0	0.244216	-0.001854
0	0.244447	-0.001821
0	0.244677	-0.001788
0	0.244908	-0.001754
0	0.245139	-0.00172
0	0.24537	-0.001686
0	0.245601	-0.001652
0	0.245832	-0.001617
0	0.246063	-0.001583
0	0.246294	-0.001548
0	0.246525	-0.001512
0	0.246756	-0.001477
0	0.246987	-0.001441
0	0.247218	-0.001406
0	0.247449	-0.001369
0	0.247679	-0.001333
0	0.24791	-0.001297
0	0.248141	-0.00126
0	0.248372	-0.001223
0	0.248603	-0.001186
0	0.248834	-0.001148
0	0.249065	-0.001111
0	0.249296	-0.001073
0	0.249527	-0.001035
0	0.249758	-0.000996
0	0.249989	-0.000958
0	0.25022	-0.000919
0	0.250451	-0.00088
0	0.250682	-0.00084
0	0.250912	-0.000801
0	0.251143	-0.000761
0	0.251374	-0.000721
0	0.251605	-0.000681
0	0.251836	-0.00064
0	0.252067	-0.000599
0	0.252298	-0.000558
0	0.252529	-0.000517
0	0.25276	-0.000475
0	0.252991	-0.000433
0	0.253222	-0.000391
0	0.253453	-0.000349
0	0.253684	-0.000306
0	0.253914	-0.000263
0	0.254145	-0.00022
0	0.254376	-0.000177
0	0.254607	-0.000133
0	0.254838	-0.000089
0	0.255069	-0.000045
0	0.2553	0
