# Group	 Points	 X-coord	 Y-coord	 Z-coord
1	1	0.2553	0	0
1	2	0.255069	0.000045	0
1	3	0.254838	0.000089	0
1	4	0.254607	0.000133	0
1	5	0.254376	0.000177	0
1	6	0.254145	0.00022	0
1	7	0.253914	0.000263	0
1	8	0.253684	0.000306	0
1	9	0.253453	0.000349	0
1	10	0.253222	0.000391	0
1	11	0.252991	0.000433	0
1	12	0.25276	0.000475	0
1	13	0.252529	0.000517	0
1	14	0.252298	0.000558	0
1	15	0.252067	0.000599	0
1	16	0.251836	0.00064	0
1	17	0.251605	0.000681	0
1	18	0.251374	0.000721	0
1	19	0.251143	0.000761	0
1	20	0.250912	0.000801	0
1	21	0.250682	0.00084	0
1	22	0.250451	0.00088	0
1	23	0.25022	0.000919	0
1	24	0.249989	0.000958	0
1	25	0.249758	0.000996	0
1	26	0.249527	0.001035	0
1	27	0.249296	0.001073	0
1	28	0.249065	0.001111	0
1	29	0.248834	0.001148	0
1	30	0.248603	0.001186	0
1	31	0.248372	0.001223	0
1	32	0.248141	0.00126	0
1	33	0.24791	0.001297	0
1	34	0.247679	0.001333	0
1	35	0.247449	0.001369	0
1	36	0.247218	0.001406	0
1	37	0.246987	0.001441	0
1	38	0.246756	0.001477	0
1	39	0.246525	0.001512	0
1	40	0.246294	0.001548	0
1	41	0.246063	0.001583	0
1	42	0.245832	0.001617	0
1	43	0.245601	0.001652	0
1	44	0.24537	0.001686	0
1	45	0.245139	0.00172	0
1	46	0.244908	0.001754	0
1	47	0.244677	0.001788	0
1	48	0.244447	0.001821	0
1	49	0.244216	0.001854	0
1	50	0.243985	0.001887	0
1	51	0.243754	0.00192	0
1	52	0.243523	0.001953	0
1	53	0.243292	0.001985	0
1	54	0.243061	0.002017	0
1	55	0.24283	0.002049	0
1	56	0.242599	0.002081	0
1	57	0.242368	0.002112	0
1	58	0.242137	0.002143	0
1	59	0.241906	0.002174	0
1	60	0.241675	0.002205	0
1	61	0.241445	0.002236	0
1	62	0.241214	0.002266	0
1	63	0.240983	0.002296	0
1	64	0.240752	0.002326	0
1	65	0.240521	0.002355	0
1	66	0.24029	0.002385	0
1	67	0.240059	0.002414	0
1	68	0.239828	0.002443	0
1	69	0.239597	0.002471	0
1	70	0.239366	0.0025	0
1	71	0.239135	0.002528	0
1	72	0.238904	0.002556	0
1	73	0.238673	0.002584	0
1	74	0.238443	0.002611	0
1	75	0.238212	0.002638	0
1	76	0.237981	0.002665	0
1	77	0.23775	0.002692	0
1	78	0.237519	0.002719	0
1	79	0.237288	0.002745	0
1	80	0.237057	0.002771	0
1	81	0.236826	0.002796	0
1	82	0.236595	0.002822	0
1	83	0.236364	0.002847	0
1	84	0.236133	0.002872	0
1	85	0.235902	0.002896	0
1	86	0.235671	0.002921	0
1	87	0.23544	0.002945	0
1	88	0.23521	0.002968	0
1	89	0.234979	0.002992	0
1	90	0.234748	0.003015	0
1	91	0.234517	0.003038	0
1	92	0.234286	0.00306	0
1	93	0.234055	0.003082	0
1	94	0.233824	0.003104	0
1	95	0.233593	0.003126	0
1	96	0.233362	0.003147	0
1	97	0.233131	0.003168	0
1	98	0.2329	0.003189	0
1	99	0.232669	0.003209	0
1	100	0.232438	0.003229	0
1	101	0.232208	0.003249	0
1	102	0.231977	0.003268	0
1	103	0.231746	0.003287	0
1	104	0.231515	0.003305	0
1	105	0.231284	0.003324	0
1	106	0.231053	0.003342	0
1	107	0.230822	0.003359	0
1	108	0.230591	0.003376	0
1	109	0.23036	0.003393	0
1	110	0.230129	0.003409	0
1	111	0.229898	0.003425	0
1	112	0.229667	0.00344	0
1	113	0.229436	0.003456	0
1	114	0.229206	0.00347	0
1	115	0.228975	0.003484	0
1	116	0.228744	0.003498	0
1	117	0.228513	0.003512	0
1	118	0.228282	0.003525	0
1	119	0.228051	0.003537	0
1	120	0.22782	0.003549	0
1	121	0.227589	0.00356	0
1	122	0.227358	0.003572	0
1	123	0.227127	0.003582	0
1	124	0.226896	0.003592	0
1	125	0.226665	0.003602	0
1	126	0.226434	0.003611	0
1	127	0.226203	0.003619	0
1	128	0.225973	0.003627	0
1	129	0.225742	0.003635	0
1	130	0.225511	0.003641	0
1	131	0.22528	0.003648	0
1	132	0.225049	0.003653	0
1	133	0.224818	0.003659	0
1	134	0.224587	0.003663	0
1	135	0.224356	0.003667	0
1	136	0.224125	0.00367	0
1	137	0.223894	0.003673	0
1	138	0.223663	0.003675	0
1	139	0.223432	0.003676	0
1	140	0.223201	0.003677	0
1	141	0.222971	0.003677	0
1	142	0.22274	0.003676	0
1	143	0.222509	0.003674	0
1	144	0.222278	0.003672	0
1	145	0.222047	0.003669	0
1	146	0.221816	0.003665	0
1	147	0.221585	0.003661	0
1	148	0.221354	0.003655	0
1	149	0.221123	0.003649	0
1	150	0.220892	0.003642	0
1	151	0.220661	0.003634	0
1	152	0.22043	0.003625	0
1	153	0.220199	0.003615	0
1	154	0.219969	0.003605	0
1	155	0.219738	0.003593	0
1	156	0.219507	0.00358	0
1	157	0.219276	0.003566	0
1	158	0.219045	0.003552	0
1	159	0.218814	0.003536	0
1	160	0.218583	0.003519	0
1	161	0.218352	0.003501	0
1	162	0.218121	0.003482	0
1	163	0.21789	0.003461	0
1	164	0.217659	0.003439	0
1	165	0.217428	0.003416	0
1	166	0.217197	0.003392	0
1	167	0.216967	0.003366	0
1	168	0.216736	0.003339	0
1	169	0.216505	0.00331	0
1	170	0.216274	0.00328	0
1	171	0.216043	0.003248	0
1	172	0.215812	0.003214	0
1	173	0.215581	0.003179	0
1	174	0.21535	0.003142	0
1	175	0.215119	0.003103	0
1	176	0.214888	0.003061	0
1	177	0.214657	0.003018	0
1	178	0.214426	0.002973	0
1	179	0.214195	0.002925	0
1	180	0.213964	0.002874	0
1	181	0.213734	0.002821	0
1	182	0.213503	0.002765	0
1	183	0.213272	0.002706	0
1	184	0.213041	0.002644	0
1	185	0.21281	0.002578	0
1	186	0.212579	0.002509	0
1	187	0.212348	0.002435	0
1	188	0.212117	0.002356	0
1	189	0.211886	0.002272	0
1	190	0.211655	0.002183	0
1	191	0.211424	0.002086	0
1	192	0.211193	0.001982	0
1	193	0.210962	0.001869	0
1	194	0.210732	0.001744	0
1	195	0.210501	0.001606	0
1	196	0.208075	0.002778	0
1	197	0.207948	0.002509	0
1	198	0.207821	0.003385	0
1	199	0.207694	0.003497	0
1	200	0.207566	0.00361	0
1	201	0.207439	0.003596	0
1	202	0.207312	0.003581	0
1	203	0.207185	0.003567	0
1	204	0.207058	0.00368	0
1	205	0.206931	0.003793	0
1	206	0.206804	0.003778	0
1	207	0.206677	0.003891	0
1	208	0.20655	0.004004	0
1	209	0.206423	0.00399	0
1	210	0.206295	0.003976	0
1	211	0.206168	0.004089	0
1	212	0.206041	0.004964	0
1	213	0.205914	0.005077	0
1	214	0.205787	0.005317	0
1	215	0.20566	0.00543	0
1	216	0.205533	0.005543	0
1	217	0.205406	0.005529	0
1	218	0.205279	0.005769	0
1	219	0.205151	0.005882	0
1	220	0.205024	0.005996	0
1	221	0.204897	0.005982	0
1	222	0.20477	0.006095	0
1	223	0.204643	0.006208	0
1	224	0.204516	0.006194	0
1	225	0.204389	0.00618	0
1	226	0.204262	0.006166	0
1	227	0.204135	0.006152	0
1	228	0.204007	0.006139	0
1	229	0.20388	0.006125	0
1	230	0.203753	0.006111	0
1	231	0.203626	0.006224	0
1	232	0.203499	0.006083	0
1	233	0.203372	0.006324	0
1	234	0.203245	0.006437	0
1	235	0.203118	0.006551	0
1	236	0.202991	0.006537	0
1	237	0.202864	0.006523	0
1	238	0.202736	0.007145	0
1	239	0.202609	0.007005	0
1	240	0.202482	0.007245	0
1	241	0.202355	0.007359	0
1	242	0.202228	0.007091	0
1	243	0.202101	0.007459	0
1	244	0.201974	0.007445	0
1	245	0.201847	0.007432	0
1	246	0.20172	0.007418	0
1	247	0.201592	0.007405	0
1	248	0.201465	0.007391	0
1	249	0.201338	0.007378	0
1	250	0.201211	0.007365	0
1	251	0.201084	0.007351	0
1	252	0.200957	0.007338	0
1	253	0.20083	0.007324	0
1	254	0.200703	0.007311	0
1	255	0.200576	0.007298	0
1	256	0.200448	0.007285	0
1	257	0.200321	0.007271	0
1	258	0.200194	0.007385	0
1	259	0.200067	0.007499	0
1	260	0.19994	0.007867	0
1	261	0.199813	0.007981	0
1	262	0.199686	0.008095	0
1	263	0.199559	0.008082	0
1	264	0.199432	0.008069	0
1	265	0.199305	0.008183	0
1	266	0.199177	0.008297	0
1	267	0.19905	0.008284	0
1	268	0.198923	0.008398	0
1	269	0.198796	0.008639	0
1	270	0.198669	0.008499	0
1	271	0.198542	0.008486	0
1	272	0.198415	0.008473	0
1	273	0.198288	0.008587	0
1	274	0.198161	0.008701	0
1	275	0.198033	0.008689	0
1	276	0.197906	0.008803	0
1	277	0.197779	0.008917	0
1	278	0.197652	0.008904	0
1	279	0.197525	0.008891	0
1	280	0.197398	0.008879	0
1	281	0.197271	0.008866	0
1	282	0.197144	0.008853	0
1	283	0.197017	0.00884	0
1	284	0.196889	0.008828	0
1	285	0.196762	0.008815	0
1	286	0.196635	0.008802	0
1	287	0.196508	0.008789	0
1	288	0.196381	0.008904	0
1	289	0.196254	0.009018	0
1	290	0.196127	0.009006	0
1	291	0.196	0.00912	0
1	292	0.195873	0.009235	0
1	293	0.195746	0.009222	0
1	294	0.195618	0.00921	0
1	295	0.195491	0.009197	0
1	296	0.195364	0.009185	0
1	297	0.195237	0.009172	0
1	298	0.19511	0.00916	0
1	299	0.194983	0.009148	0
1	300	0.194856	0.009135	0
1	301	0.194729	0.009123	0
1	302	0.194602	0.00911	0
1	303	0.194474	0.009098	0
1	304	0.194347	0.009086	0
1	305	0.19422	0.009073	0
1	306	0.194093	0.009061	0
1	307	0.193966	0.009049	0
1	308	0.193839	0.009037	0
1	309	0.193712	0.009024	0
1	310	0.193585	0.009012	0
1	311	0.193458	0.009	0
1	312	0.19333	0.008988	0
1	313	0.193203	0.008976	0
1	314	0.193076	0.008964	0
1	315	0.192949	0.008951	0
1	316	0.192822	0.008939	0
1	317	0.192695	0.008927	0
1	318	0.192568	0.008915	0
1	319	0.192441	0.008903	0
1	320	0.192314	0.008891	0
1	321	0.192186	0.008879	0
1	322	0.192059	0.008867	0
1	323	0.191932	0.008855	0
1	324	0.191805	0.008843	0
1	325	0.191678	0.008831	0
1	326	0.191551	0.00882	0
1	327	0.191424	0.008808	0
1	328	0.191297	0.008796	0
1	329	0.19117	0.008784	0
1	330	0.191043	0.008772	0
1	331	0.190915	0.00876	0
1	332	0.190788	0.008749	0
1	333	0.190661	0.008737	0
1	334	0.190534	0.008725	0
1	335	0.190407	0.008713	0
1	336	0.19028	0.008702	0
1	337	0.190153	0.00869	0
1	338	0.190026	0.008678	0
1	339	0.189899	0.008667	0
1	340	0.189771	0.008655	0
1	341	0.189644	0.008644	0
1	342	0.189517	0.008632	0
1	343	0.18939	0.008621	0
1	344	0.189263	0.008609	0
1	345	0.189136	0.008598	0
1	346	0.189009	0.008586	0
1	347	0.188882	0.008575	0
1	348	0.188755	0.008563	0
1	349	0.188627	0.008552	0
1	350	0.1885	0.008413	0
1	351	0.188373	0.008275	0
1	352	0.188246	0.008263	0
1	353	0.188119	0.008125	0
1	354	0.187992	0.007986	0
1	355	0.187865	0.007975	0
1	356	0.187738	0.007964	0
1	357	0.187611	0.007953	0
1	358	0.187484	0.007941	0
1	359	0.187356	0.00793	0
1	360	0.187229	0.007919	0
1	361	0.187102	0.007908	0
1	362	0.186975	0.007896	0
1	363	0.186848	0.007885	0
1	364	0.186721	0.008255	0
1	365	0.186594	0.008371	0
1	366	0.186467	0.00836	0
1	367	0.18634	0.007841	0
1	368	0.186212	0.007957	0
1	369	0.186085	0.007819	0
1	370	0.185958	0.007808	0
1	371	0.185831	0.008051	0
1	372	0.185704	0.008294	0
1	373	0.185577	0.008283	0
1	374	0.18545	0.007764	0
1	375	0.185323	0.007753	0
1	376	0.185196	0.007742	0
1	377	0.185068	0.00824	0
1	378	0.184941	0.00772	0
1	379	0.184814	0.008218	0
1	380	0.184687	0.008207	0
1	381	0.18456	0.007688	0
1	382	0.184433	0.008186	0
1	383	0.184306	0.007666	0
1	384	0.184179	0.007656	0
1	385	0.184052	0.007645	0
1	386	0.183925	0.007634	0
1	387	0.183797	0.007624	0
1	388	0.18367	0.008248	0
1	389	0.183543	0.008365	0
1	390	0.183416	0.007592	0
1	391	0.183289	0.008471	0
1	392	0.183162	0.007698	0
1	393	0.183035	0.00756	0
1	394	0.182908	0.008821	0
1	395	0.182781	0.00792	0
1	396	0.182653	0.008164	0
1	397	0.182526	0.007772	0
1	398	0.182399	0.007762	0
1	399	0.182272	0.007878	0
1	400	0.182145	0.008122	0
1	401	0.182018	0.009002	0
1	402	0.181891	0.008991	0
1	403	0.181764	0.008981	0
1	404	0.181637	0.00897	0
1	405	0.181509	0.00896	0
1	406	0.181382	0.00895	0
1	407	0.181255	0.00894	0
1	408	0.181128	0.008929	0
1	409	0.181001	0.008919	0
1	410	0.180874	0.008909	0
1	411	0.180747	0.009026	0
1	412	0.18062	0.009016	0
1	413	0.180493	0.009133	0
1	414	0.180365	0.009249	0
1	415	0.180238	0.009366	0
1	416	0.180111	0.009229	0
1	417	0.179984	0.009219	0
1	418	0.179857	0.009718	0
1	419	0.17973	0.009835	0
1	420	0.179603	0.009443	0
1	421	0.179476	0.009942	0
1	422	0.179349	0.009678	0
1	423	0.179222	0.010303	0
1	424	0.179094	0.010166	0
1	425	0.178967	0.010156	0
1	426	0.17884	0.010273	0
1	427	0.178713	0.010391	0
1	428	0.178586	0.010381	0
1	429	0.178459	0.010498	0
1	430	0.178332	0.010615	0
1	431	0.178205	0.010605	0
1	432	0.178078	0.010596	0
1	433	0.17795	0.010586	0
1	434	0.177823	0.010576	0
1	435	0.177696	0.010566	0
1	436	0.177569	0.010557	0
1	437	0.177442	0.010547	0
1	438	0.177315	0.010537	0
1	439	0.177188	0.010528	0
1	440	0.177061	0.010518	0
1	441	0.176934	0.010509	0
1	442	0.176806	0.010499	0
1	443	0.176679	0.010489	0
1	444	0.176552	0.01048	0
1	445	0.176425	0.01047	0
1	446	0.176298	0.010588	0
1	447	0.176171	0.010706	0
1	448	0.176044	0.010696	0
1	449	0.175917	0.010814	0
1	450	0.17579	0.010931	0
1	451	0.175663	0.010922	0
1	452	0.175535	0.010913	0
1	453	0.175408	0.01103	0
1	454	0.175281	0.011148	0
1	455	0.175154	0.011139	0
1	456	0.175027	0.011384	0
1	457	0.1749	0.011502	0
1	458	0.174773	0.011492	0
1	459	0.174646	0.011356	0
1	460	0.174519	0.011347	0
1	461	0.174391	0.011465	0
1	462	0.174264	0.011455	0
1	463	0.174137	0.011573	0
1	464	0.17401	0.011564	0
1	465	0.173883	0.011682	0
1	466	0.173756	0.011673	0
1	467	0.173629	0.011664	0
1	468	0.173502	0.011655	0
1	469	0.173375	0.011646	0
1	470	0.173247	0.011637	0
1	471	0.17312	0.011628	0
1	472	0.172993	0.011746	0
1	473	0.172866	0.011864	0
1	474	0.172739	0.011855	0
1	475	0.172612	0.011973	0
1	476	0.172485	0.012092	0
1	477	0.172358	0.012083	0
1	478	0.172231	0.012074	0
1	479	0.172104	0.012065	0
1	480	0.171976	0.012183	0
1	481	0.171849	0.012302	0
1	482	0.171722	0.012293	0
1	483	0.171595	0.012411	0
1	484	0.171468	0.012529	0
1	485	0.171341	0.012521	0
1	486	0.171214	0.012512	0
1	487	0.171087	0.012503	0
1	488	0.17096	0.012622	0
1	489	0.170832	0.012486	0
1	490	0.170705	0.012732	0
1	491	0.170578	0.012469	0
1	492	0.170451	0.012587	0
1	493	0.170324	0.012452	0
1	494	0.170197	0.013206	0
1	495	0.17007	0.013197	0
1	496	0.169943	0.012553	0
1	497	0.169816	0.01318	0
1	498	0.169688	0.012536	0
1	499	0.169561	0.012401	0
1	500	0.169434	0.012519	0
1	501	0.169307	0.012638	0
1	502	0.16918	0.012375	0
1	503	0.169053	0.012494	0
1	504	0.168926	0.012613	0
1	505	0.168799	0.012732	0
1	506	0.168672	0.01285	0
1	507	0.168545	0.013351	0
1	508	0.168417	0.013342	0
1	509	0.16829	0.013334	0
1	510	0.168163	0.013326	0
1	511	0.168036	0.013318	0
1	512	0.167909	0.013309	0
1	513	0.167782	0.013301	0
1	514	0.167655	0.013293	0
1	515	0.167528	0.012776	0
1	516	0.167401	0.012768	0
1	517	0.167273	0.01276	0
1	518	0.167146	0.013261	0
1	519	0.167019	0.01338	0
1	520	0.166892	0.013499	0
1	521	0.166765	0.013491	0
1	522	0.166638	0.01272	0
1	523	0.166511	0.012712	0
1	524	0.166384	0.012704	0
1	525	0.166257	0.013713	0
1	526	0.166129	0.012815	0
1	527	0.166002	0.01268	0
1	528	0.165875	0.012673	0
1	529	0.165748	0.012665	0
1	530	0.165621	0.012784	0
1	531	0.165494	0.013666	0
1	532	0.165367	0.012641	0
1	533	0.16524	0.012633	0
1	534	0.165113	0.01288	0
1	535	0.164985	0.013889	0
1	536	0.164858	0.014136	0
1	537	0.164731	0.014382	0
1	538	0.164604	0.014501	0
1	539	0.164477	0.013096	0
1	540	0.16435	0.013088	0
1	541	0.164223	0.01308	0
1	542	0.164096	0.0132	0
1	543	0.163969	0.014463	0
1	544	0.163842	0.014583	0
1	545	0.163714	0.013177	0
1	546	0.163587	0.014695	0
1	547	0.16346	0.013035	0
1	548	0.163333	0.013028	0
1	549	0.163206	0.014927	0
1	550	0.163079	0.014919	0
1	551	0.162952	0.013005	0
1	552	0.162825	0.014905	0
1	553	0.162698	0.014897	0
1	554	0.16257	0.015017	0
1	555	0.162443	0.015137	0
1	556	0.162316	0.015256	0
1	557	0.162189	0.015249	0
1	558	0.162062	0.015369	0
1	559	0.161935	0.015362	0
1	560	0.161808	0.015354	0
1	561	0.161681	0.015347	0
1	562	0.161554	0.01534	0
1	563	0.161426	0.015333	0
1	564	0.161299	0.015326	0
1	565	0.161172	0.015446	0
1	566	0.161045	0.015566	0
1	567	0.160918	0.015559	0
1	568	0.160791	0.015679	0
1	569	0.160664	0.015799	0
1	570	0.160537	0.015792	0
1	571	0.16041	0.015785	0
1	572	0.160283	0.015778	0
1	573	0.160155	0.015898	0
1	574	0.160028	0.015891	0
1	575	0.159901	0.015884	0
1	576	0.159774	0.016004	0
1	577	0.159647	0.015997	0
1	578	0.15952	0.01599	0
1	579	0.159393	0.01611	0
1	580	0.159266	0.016104	0
1	581	0.159139	0.016097	0
1	582	0.159011	0.016217	0
1	583	0.158884	0.01621	0
1	584	0.158757	0.016204	0
1	585	0.15863	0.016324	0
1	586	0.158503	0.016317	0
1	587	0.158376	0.016311	0
1	588	0.158249	0.016304	0
1	589	0.158122	0.016424	0
1	590	0.157995	0.016418	0
1	591	0.157867	0.016411	0
1	592	0.15774	0.016531	0
1	593	0.157613	0.016525	0
1	594	0.157486	0.016518	0
1	595	0.157359	0.016512	0
1	596	0.157232	0.016505	0
1	597	0.157105	0.016626	0
1	598	0.156978	0.016619	0
1	599	0.156851	0.016613	0
1	600	0.156724	0.016606	0
1	601	0.156596	0.016727	0
1	602	0.156469	0.016721	0
1	603	0.156342	0.016714	0
1	604	0.156215	0.016708	0
1	605	0.156088	0.016702	0
1	606	0.155961	0.016822	0
1	607	0.155834	0.016816	0
1	608	0.155707	0.01681	0
1	609	0.15558	0.016804	0
1	610	0.155452	0.016924	0
1	611	0.155325	0.016918	0
1	612	0.155198	0.016912	0
1	613	0.155071	0.016906	0
1	614	0.154944	0.017027	0
1	615	0.154817	0.017021	0
1	616	0.15469	0.017014	0
1	617	0.154563	0.017008	0
1	618	0.154436	0.017129	0
1	619	0.154308	0.017123	0
1	620	0.154181	0.017117	0
1	621	0.154054	0.017238	0
1	622	0.153927	0.017232	0
1	623	0.1538	0.017226	0
1	624	0.153673	0.017348	0
1	625	0.153546	0.017342	0
1	626	0.153419	0.017336	0
1	627	0.153292	0.01733	0
1	628	0.153164	0.017451	0
1	629	0.153037	0.017445	0
1	630	0.15291	0.017566	0
1	631	0.152783	0.017561	0
1	632	0.152656	0.017555	0
1	633	0.152529	0.017676	0
1	634	0.152402	0.01767	0
1	635	0.152275	0.017664	0
1	636	0.152148	0.017786	0
1	637	0.152021	0.01778	0
1	638	0.151893	0.017774	0
1	639	0.151766	0.017896	0
1	640	0.151639	0.01789	0
1	641	0.151512	0.018012	0
1	642	0.151385	0.018006	0
1	643	0.151258	0.018001	0
1	644	0.151131	0.017995	0
1	645	0.151004	0.018117	0
1	646	0.150877	0.018111	0
1	647	0.150749	0.018105	0
1	648	0.150622	0.0181	0
1	649	0.150495	0.018095	0
1	650	0.150368	0.018216	0
1	651	0.150241	0.018211	0
1	652	0.150114	0.018205	0
1	653	0.149987	0.0182	0
1	654	0.14986	0.018322	0
1	655	0.149733	0.018316	0
1	656	0.149605	0.018311	0
1	657	0.149478	0.018433	0
1	658	0.149351	0.018427	0
1	659	0.149224	0.018422	0
1	660	0.149097	0.018544	0
1	661	0.14897	0.018539	0
1	662	0.148843	0.018534	0
1	663	0.148716	0.018528	0
1	664	0.148589	0.01865	0
1	665	0.148462	0.018645	0
1	666	0.148334	0.01864	0
1	667	0.148207	0.018635	0
1	668	0.14808	0.01863	0
1	669	0.147953	0.018752	0
1	670	0.147826	0.018747	0
1	671	0.147699	0.018742	0
1	672	0.147572	0.018737	0
1	673	0.147445	0.018732	0
1	674	0.147318	0.018727	0
1	675	0.14719	0.018849	0
1	676	0.147063	0.018844	0
1	677	0.146936	0.018839	0
1	678	0.146809	0.018834	0
1	679	0.146682	0.018829	0
1	680	0.146555	0.018824	0
1	681	0.146428	0.018947	0
1	682	0.146301	0.018942	0
1	683	0.146174	0.018937	0
1	684	0.146046	0.018932	0
1	685	0.145919	0.018928	0
1	686	0.145792	0.01905	0
1	687	0.145665	0.019045	0
1	688	0.145538	0.019041	0
1	689	0.145411	0.019036	0
1	690	0.145284	0.019158	0
1	691	0.145157	0.019154	0
1	692	0.14503	0.019149	0
1	693	0.144903	0.019144	0
1	694	0.144775	0.019267	0
1	695	0.144648	0.019262	0
1	696	0.144521	0.019258	0
1	697	0.144394	0.019253	0
1	698	0.144267	0.019249	0
1	699	0.14414	0.019372	0
1	700	0.144013	0.019367	0
1	701	0.143886	0.019363	0
1	702	0.143759	0.019358	0
1	703	0.143631	0.019481	0
1	704	0.143504	0.019477	0
1	705	0.143377	0.019472	0
1	706	0.14325	0.019468	0
1	707	0.143123	0.019464	0
1	708	0.142996	0.019586	0
1	709	0.142869	0.019582	0
1	710	0.142742	0.019578	0
1	711	0.142615	0.019574	0
1	712	0.142487	0.019696	0
1	713	0.14236	0.019692	0
1	714	0.142233	0.019688	0
1	715	0.142106	0.019684	0
1	716	0.141979	0.019807	0
1	717	0.141852	0.019803	0
1	718	0.141725	0.019799	0
1	719	0.141598	0.019922	0
1	720	0.141471	0.019918	0
1	721	0.141344	0.019914	0
1	722	0.141216	0.020037	0
1	723	0.141089	0.020033	0
1	724	0.140962	0.020029	0
1	725	0.140835	0.020152	0
1	726	0.140708	0.020148	0
1	727	0.140581	0.020144	0
1	728	0.140454	0.02014	0
1	729	0.140327	0.020263	0
1	730	0.1402	0.020259	0
1	731	0.140072	0.020256	0
1	732	0.139945	0.020379	0
1	733	0.139818	0.020375	0
1	734	0.139691	0.020371	0
1	735	0.139564	0.020495	0
1	736	0.139437	0.020491	0
1	737	0.13931	0.020614	0
1	738	0.139183	0.020611	0
1	739	0.139056	0.020734	0
1	740	0.138928	0.02073	0
1	741	0.138801	0.020727	0
1	742	0.138674	0.020723	0
1	743	0.138547	0.020847	0
1	744	0.13842	0.020843	0
1	745	0.138293	0.020839	0
1	746	0.138166	0.020963	0
1	747	0.138039	0.020959	0
1	748	0.137912	0.021083	0
1	749	0.137784	0.02108	0
1	750	0.137657	0.021076	0
1	751	0.13753	0.0212	0
1	752	0.137403	0.021196	0
1	753	0.137276	0.02132	0
1	754	0.137149	0.021317	0
1	755	0.137022	0.02144	0
1	756	0.136895	0.021437	0
1	757	0.136768	0.021434	0
1	758	0.136641	0.021557	0
1	759	0.136513	0.021554	0
1	760	0.136386	0.021551	0
1	761	0.136259	0.021675	0
1	762	0.136132	0.021672	0
1	763	0.136005	0.021668	0
1	764	0.135878	0.021665	0
1	765	0.135751	0.021789	0
1	766	0.135624	0.021786	0
1	767	0.135497	0.021783	0
1	768	0.135369	0.02178	0
1	769	0.135242	0.021904	0
1	770	0.135115	0.021901	0
1	771	0.134988	0.021898	0
1	772	0.134861	0.022022	0
1	773	0.134734	0.022019	0
1	774	0.134607	0.022016	0
1	775	0.13448	0.02214	0
1	776	0.134353	0.022137	0
1	777	0.134225	0.022261	0
1	778	0.134098	0.022258	0
1	779	0.133971	0.022255	0
1	780	0.133844	0.022379	0
1	781	0.133717	0.022377	0
1	782	0.13359	0.022501	0
1	783	0.133463	0.022498	0
1	784	0.133336	0.022495	0
1	785	0.133209	0.02262	0
1	786	0.133082	0.022617	0
1	787	0.132954	0.022614	0
1	788	0.132827	0.022739	0
1	789	0.1327	0.022736	0
1	790	0.132573	0.022733	0
1	791	0.132446	0.022731	0
1	792	0.132319	0.022855	0
1	793	0.132192	0.022852	0
1	794	0.132065	0.02285	0
1	795	0.131938	0.022847	0
1	796	0.13181	0.022972	0
1	797	0.131683	0.022969	0
1	798	0.131556	0.022967	0
1	799	0.131429	0.022964	0
1	800	0.131302	0.023089	0
1	801	0.131175	0.023086	0
1	802	0.131048	0.023084	0
1	803	0.130921	0.023082	0
1	804	0.130794	0.023206	0
1	805	0.130666	0.023204	0
1	806	0.130539	0.023202	0
1	807	0.130412	0.023199	0
1	808	0.130285	0.023324	0
1	809	0.130158	0.023322	0
1	810	0.130031	0.023319	0
1	811	0.129904	0.023444	0
1	812	0.129777	0.023442	0
1	813	0.12965	0.023567	0
1	814	0.129523	0.023565	0
1	815	0.129395	0.023563	0
1	816	0.129268	0.023688	0
1	817	0.129141	0.023685	0
1	818	0.129014	0.023683	0
1	819	0.128887	0.023808	0
1	820	0.12876	0.023806	0
1	821	0.128633	0.023804	0
1	822	0.128506	0.023802	0
1	823	0.128379	0.023927	0
1	824	0.128251	0.023925	0
1	825	0.128124	0.023923	0
1	826	0.127997	0.023921	0
1	827	0.12787	0.024046	0
1	828	0.127743	0.024045	0
1	829	0.127616	0.024043	0
1	830	0.127489	0.024041	0
1	831	0.127362	0.024039	0
1	832	0.127235	0.024037	0
1	833	0.127107	0.024035	0
1	834	0.12698	0.024161	0
1	835	0.126853	0.024159	0
1	836	0.126726	0.024157	0
1	837	0.126599	0.024155	0
1	838	0.126472	0.024154	0
1	839	0.126345	0.024279	0
1	840	0.126218	0.024277	0
1	841	0.126091	0.024276	0
1	842	0.125964	0.024274	0
1	843	0.125836	0.024272	0
1	844	0.125709	0.024271	0
1	845	0.125582	0.024269	0
1	846	0.125455	0.024395	0
1	847	0.125328	0.024393	0
1	848	0.125201	0.024392	0
1	849	0.125074	0.02439	0
1	850	0.124947	0.024389	0
1	851	0.12482	0.024514	0
1	852	0.124692	0.024513	0
1	853	0.124565	0.024512	0
1	854	0.124438	0.02451	0
1	855	0.124311	0.024509	0
1	856	0.124184	0.024635	0
1	857	0.124057	0.024633	0
1	858	0.12393	0.024632	0
1	859	0.123803	0.024631	0
1	860	0.123676	0.024629	0
1	861	0.123548	0.024755	0
1	862	0.123421	0.024754	0
1	863	0.123294	0.024753	0
1	864	0.123167	0.024879	0
1	865	0.12304	0.024877	0
1	866	0.122913	0.024876	0
1	867	0.122786	0.024875	0
1	868	0.122659	0.025001	0
1	869	0.122532	0.025	0
1	870	0.122404	0.024999	0
1	871	0.122277	0.025125	0
1	872	0.12215	0.025124	0
1	873	0.122023	0.025123	0
1	874	0.121896	0.025122	0
1	875	0.121769	0.025248	0
1	876	0.121642	0.025247	0
1	877	0.121515	0.025373	0
1	878	0.121388	0.025372	0
1	879	0.121261	0.025371	0
1	880	0.121133	0.025498	0
1	881	0.121006	0.025497	0
1	882	0.120879	0.025496	0
1	883	0.120752	0.025495	0
1	884	0.120625	0.025621	0
1	885	0.120498	0.025621	0
1	886	0.120371	0.02562	0
1	887	0.120244	0.025619	0
1	888	0.120117	0.025618	0
1	889	0.119989	0.025618	0
1	890	0.119862	0.025617	0
1	891	0.119735	0.025616	0
1	892	0.119608	0.025616	0
1	893	0.119481	0.025615	0
1	894	0.119354	0.025614	0
1	895	0.119227	0.025614	0
1	896	0.1191	0.02574	0
1	897	0.118973	0.02574	0
1	898	0.118845	0.025739	0
1	899	0.118718	0.025739	0
1	900	0.118591	0.025738	0
1	901	0.118464	0.025738	0
1	902	0.118337	0.025737	0
1	903	0.11821	0.025737	0
1	904	0.118083	0.025737	0
1	905	0.117956	0.025736	0
1	906	0.117829	0.025736	0
1	907	0.117702	0.025735	0
1	908	0.117574	0.025735	0
1	909	0.117447	0.025735	0
1	910	0.11732	0.025734	0
1	911	0.117193	0.025734	0
1	912	0.117066	0.025734	0
1	913	0.116939	0.025734	0
1	914	0.116812	0.025734	0
1	915	0.116685	0.02586	0
1	916	0.116558	0.025987	0
1	917	0.11643	0.025987	0
1	918	0.116303	0.025987	0
1	919	0.116176	0.025987	0
1	920	0.116049	0.025987	0
1	921	0.115922	0.025987	0
1	922	0.115795	0.025987	0
1	923	0.115668	0.025987	0
1	924	0.115541	0.025987	0
1	925	0.115414	0.025987	0
1	926	0.115286	0.025987	0
1	927	0.115159	0.025987	0
1	928	0.115032	0.025987	0
1	929	0.114905	0.025987	0
1	930	0.114778	0.025987	0
1	931	0.114651	0.025987	0
1	932	0.114524	0.025987	0
1	933	0.114397	0.025988	0
1	934	0.11427	0.025861	0
1	935	0.114143	0.025861	0
1	936	0.114015	0.025734	0
1	937	0.113888	0.025734	0
1	938	0.113761	0.025734	0
1	939	0.113634	0.025735	0
1	940	0.113507	0.025735	0
1	941	0.11338	0.025735	0
1	942	0.113253	0.025736	0
1	943	0.113126	0.025736	0
1	944	0.112999	0.025736	0
1	945	0.112871	0.025737	0
1	946	0.112744	0.025864	0
1	947	0.112617	0.025865	0
1	948	0.11249	0.025738	0
1	949	0.112363	0.025993	0
1	950	0.112236	0.025993	0
1	951	0.112109	0.025994	0
1	952	0.111982	0.025995	0
1	953	0.111855	0.025995	0
1	954	0.111727	0.025996	0
1	955	0.1116	0.025996	0
1	956	0.111473	0.025997	0
1	957	0.111346	0.025998	0
1	958	0.111219	0.025998	0
1	959	0.111092	0.025999	0
1	960	0.110965	0.026	0
1	961	0.110838	0.026	0
1	962	0.110711	0.026001	0
1	963	0.110583	0.026002	0
1	964	0.110456	0.026003	0
1	965	0.110329	0.026003	0
1	966	0.110202	0.026004	0
1	967	0.110075	0.026005	0
1	968	0.109948	0.026006	0
1	969	0.109821	0.026134	0
1	970	0.109694	0.026135	0
1	971	0.109567	0.026136	0
1	972	0.10944	0.026137	0
1	973	0.109312	0.026138	0
1	974	0.109185	0.026139	0
1	975	0.109058	0.02614	0
1	976	0.108931	0.026141	0
1	977	0.108804	0.026142	0
1	978	0.108677	0.026143	0
1	979	0.10855	0.026271	0
1	980	0.108423	0.026272	0
1	981	0.108296	0.026273	0
1	982	0.108168	0.026274	0
1	983	0.108041	0.026276	0
1	984	0.107914	0.026277	0
1	985	0.107787	0.026278	0
1	986	0.10766	0.026279	0
1	987	0.107533	0.02628	0
1	988	0.107406	0.026282	0
1	989	0.107279	0.026283	0
1	990	0.107152	0.026284	0
1	991	0.107024	0.026413	0
1	992	0.106897	0.026414	0
1	993	0.10677	0.026415	0
1	994	0.106643	0.026417	0
1	995	0.106516	0.026418	0
1	996	0.106389	0.02642	0
1	997	0.106262	0.026421	0
1	998	0.106135	0.026422	0
1	999	0.106008	0.026424	0
1	1000	0.105881	0.026425	0
1	1001	0.105753	0.026427	0
1	1002	0.105626	0.026428	0
1	1003	0.105499	0.02643	0
1	1004	0.105372	0.026432	0
1	1005	0.105245	0.026433	0
1	1006	0.105118	0.026435	0
1	1007	0.104991	0.026436	0
1	1008	0.104864	0.026438	0
1	1009	0.104737	0.02644	0
1	1010	0.104609	0.026441	0
1	1011	0.104482	0.026443	0
1	1012	0.104355	0.026445	0
1	1013	0.104228	0.026447	0
1	1014	0.104101	0.026576	0
1	1015	0.103974	0.026577	0
1	1016	0.103847	0.026579	0
1	1017	0.10372	0.026581	0
1	1018	0.103593	0.026583	0
1	1019	0.103465	0.026585	0
1	1020	0.103338	0.026587	0
1	1021	0.103211	0.026589	0
1	1022	0.103084	0.026591	0
1	1023	0.102957	0.026592	0
1	1024	0.10283	0.026594	0
1	1025	0.102703	0.026596	0
1	1026	0.102576	0.026471	0
1	1027	0.102449	0.026473	0
1	1028	0.102322	0.026348	0
1	1029	0.102194	0.02635	0
1	1030	0.102067	0.026353	0
1	1031	0.10194	0.026355	0
1	1032	0.101813	0.026357	0
1	1033	0.101686	0.026359	0
1	1034	0.101559	0.026361	0
1	1035	0.101432	0.026363	0
1	1036	0.101305	0.026366	0
1	1037	0.101178	0.026368	0
1	1038	0.10105	0.02637	0
1	1039	0.100923	0.026372	0
1	1040	0.100796	0.026375	0
1	1041	0.100669	0.026377	0
1	1042	0.100542	0.026379	0
1	1043	0.100415	0.026382	0
1	1044	0.100288	0.026384	0
1	1045	0.100161	0.026386	0
1	1046	0.100034	0.026389	0
1	1047	0.099906	0.026391	0
1	1048	0.099779	0.026394	0
1	1049	0.099652	0.026396	0
1	1050	0.099525	0.026399	0
1	1051	0.099398	0.026401	0
1	1052	0.099271	0.026404	0
1	1053	0.099144	0.026406	0
1	1054	0.099017	0.026409	0
1	1055	0.09889	0.026411	0
1	1056	0.098763	0.026414	0
1	1057	0.098635	0.026417	0
1	1058	0.098508	0.026419	0
1	1059	0.098381	0.026422	0
1	1060	0.098254	0.026425	0
1	1061	0.098127	0.026427	0
1	1062	0.098	0.02643	0
1	1063	0.097873	0.026433	0
1	1064	0.097746	0.026436	0
1	1065	0.097619	0.026438	0
1	1066	0.097491	0.026441	0
1	1067	0.097364	0.026444	0
1	1068	0.097237	0.026447	0
1	1069	0.09711	0.02645	0
1	1070	0.096983	0.026453	0
1	1071	0.096856	0.026456	0
1	1072	0.096729	0.026458	0
1	1073	0.096602	0.026461	0
1	1074	0.096475	0.026464	0
1	1075	0.096347	0.02634	0
1	1076	0.09622	0.026216	0
1	1077	0.096093	0.026219	0
1	1078	0.095966	0.026095	0
1	1079	0.095839	0.025971	0
1	1080	0.095712	0.025974	0
1	1081	0.095585	0.025977	0
1	1082	0.095458	0.02598	0
1	1083	0.095331	0.026111	0
1	1084	0.095203	0.026241	0
1	1085	0.095076	0.026244	0
1	1086	0.094949	0.026374	0
1	1087	0.094822	0.026505	0
1	1088	0.094695	0.026508	0
1	1089	0.094568	0.026511	0
1	1090	0.094441	0.026515	0
1	1091	0.094314	0.026518	0
1	1092	0.094187	0.026521	0
1	1093	0.09406	0.026525	0
1	1094	0.093932	0.026528	0
1	1095	0.093805	0.026531	0
1	1096	0.093678	0.026535	0
1	1097	0.093551	0.026538	0
1	1098	0.093424	0.026542	0
1	1099	0.093297	0.026545	0
1	1100	0.09317	0.026676	0
1	1101	0.093043	0.026679	0
1	1102	0.092916	0.026683	0
1	1103	0.092788	0.026686	0
1	1104	0.092661	0.02669	0
1	1105	0.092534	0.026693	0
1	1106	0.092407	0.026697	0
1	1107	0.09228	0.026701	0
1	1108	0.092153	0.026704	0
1	1109	0.092026	0.026708	0
1	1110	0.091899	0.026712	0
1	1111	0.091772	0.026715	0
1	1112	0.091644	0.026719	0
1	1113	0.091517	0.026723	0
1	1114	0.09139	0.026727	0
1	1115	0.091263	0.02673	0
1	1116	0.091136	0.026734	0
1	1117	0.091009	0.026484	0
1	1118	0.090882	0.026488	0
1	1119	0.090755	0.026619	0
1	1120	0.090628	0.026241	0
1	1121	0.090501	0.026118	0
1	1122	0.090373	0.026122	0
1	1123	0.090246	0.026126	0
1	1124	0.090119	0.02613	0
1	1125	0.089992	0.026134	0
1	1126	0.089865	0.026138	0
1	1127	0.089738	0.026142	0
1	1128	0.089611	0.026146	0
1	1129	0.089484	0.02615	0
1	1130	0.089357	0.026154	0
1	1131	0.089229	0.026158	0
1	1132	0.089102	0.026162	0
1	1133	0.088975	0.026166	0
1	1134	0.088848	0.02617	0
1	1135	0.088721	0.026175	0
1	1136	0.088594	0.026179	0
1	1137	0.088467	0.026183	0
1	1138	0.08834	0.026187	0
1	1139	0.088213	0.026192	0
1	1140	0.088085	0.026196	0
1	1141	0.087958	0.0262	0
1	1142	0.087831	0.026204	0
1	1143	0.087704	0.026209	0
1	1144	0.087577	0.026213	0
1	1145	0.08745	0.026217	0
1	1146	0.087323	0.026222	0
1	1147	0.087196	0.026226	0
1	1148	0.087069	0.026231	0
1	1149	0.086942	0.026235	0
1	1150	0.086814	0.02624	0
1	1151	0.086687	0.026244	0
1	1152	0.08656	0.026249	0
1	1153	0.086433	0.026253	0
1	1154	0.086306	0.026258	0
1	1155	0.086179	0.026262	0
1	1156	0.086052	0.026267	0
1	1157	0.085925	0.026272	0
1	1158	0.085798	0.026276	0
1	1159	0.08567	0.026281	0
1	1160	0.085543	0.026286	0
1	1161	0.085416	0.02629	0
1	1162	0.085289	0.026295	0
1	1163	0.085162	0.0263	0
1	1164	0.085035	0.026304	0
1	1165	0.084908	0.026309	0
1	1166	0.084781	0.026314	0
1	1167	0.084654	0.026319	0
1	1168	0.084526	0.026324	0
1	1169	0.084399	0.026329	0
1	1170	0.084272	0.026333	0
1	1171	0.084145	0.026338	0
1	1172	0.084018	0.026343	0
1	1173	0.083891	0.026348	0
1	1174	0.083764	0.026353	0
1	1175	0.083637	0.026358	0
1	1176	0.08351	0.026363	0
1	1177	0.083382	0.026368	0
1	1178	0.083255	0.026373	0
1	1179	0.083128	0.026378	0
1	1180	0.083001	0.026383	0
1	1181	0.082874	0.026388	0
1	1182	0.082747	0.026393	0
1	1183	0.08262	0.026399	0
1	1184	0.082493	0.026404	0
1	1185	0.082366	0.026409	0
1	1186	0.082239	0.026414	0
1	1187	0.082111	0.026419	0
1	1188	0.081984	0.026425	0
1	1189	0.081857	0.026049	0
1	1190	0.08173	0.026308	0
1	1191	0.081603	0.025932	0
1	1192	0.081476	0.026191	0
1	1193	0.081349	0.02607	0
1	1194	0.081222	0.025948	0
1	1195	0.081095	0.025953	0
1	1196	0.080967	0.025959	0
1	1197	0.08084	0.025964	0
1	1198	0.080713	0.02597	0
1	1199	0.080586	0.025975	0
1	1200	0.080459	0.02598	0
1	1201	0.080332	0.025986	0
1	1202	0.080205	0.025991	0
1	1203	0.080078	0.025997	0
1	1204	0.079951	0.026003	0
1	1205	0.079823	0.026008	0
1	1206	0.079696	0.026014	0
1	1207	0.079569	0.026019	0
1	1208	0.079442	0.026025	0
1	1209	0.079315	0.025904	0
1	1210	0.079188	0.025782	0
1	1211	0.079061	0.025788	0
1	1212	0.078934	0.025666	0
1	1213	0.078807	0.025037	0
1	1214	0.07868	0.025551	0
1	1215	0.078552	0.025048	0
1	1216	0.078425	0.025054	0
1	1217	0.078298	0.025568	0
1	1218	0.078171	0.025574	0
1	1219	0.078044	0.025071	0
1	1220	0.077917	0.025077	0
1	1221	0.07779	0.025083	0
1	1222	0.077663	0.025597	0
1	1223	0.077536	0.025095	0
1	1224	0.077408	0.025101	0
1	1225	0.077281	0.025615	0
1	1226	0.077154	0.025621	0
1	1227	0.077027	0.025627	0
1	1228	0.0769	0.025633	0
1	1229	0.076773	0.025131	0
1	1230	0.076646	0.025645	0
1	1231	0.076519	0.025143	0
1	1232	0.076392	0.025276	0
1	1233	0.076264	0.025282	0
1	1234	0.076137	0.02567	0
1	1235	0.07601	0.025676	0
1	1236	0.075883	0.025301	0
1	1237	0.075756	0.025307	0
1	1238	0.075629	0.025186	0
1	1239	0.075502	0.025701	0
1	1240	0.075375	0.025199	0
1	1241	0.075248	0.025459	0
1	1242	0.075121	0.02572	0
1	1243	0.074993	0.025345	0
1	1244	0.074866	0.025224	0
1	1245	0.074739	0.02523	0
1	1246	0.074612	0.025745	0
1	1247	0.074485	0.025243	0
1	1248	0.074358	0.025758	0
1	1249	0.074231	0.025764	0
1	1250	0.074104	0.025263	0
1	1251	0.073977	0.025269	0
1	1252	0.073849	0.025276	0
1	1253	0.073722	0.025282	0
1	1254	0.073595	0.025289	0
1	1255	0.073468	0.025295	0
1	1256	0.073341	0.025302	0
1	1257	0.073214	0.025308	0
1	1258	0.073087	0.025315	0
1	1259	0.07296	0.025322	0
1	1260	0.072833	0.025328	0
1	1261	0.072705	0.025335	0
1	1262	0.072578	0.025342	0
1	1263	0.072451	0.025348	0
1	1264	0.072324	0.025355	0
1	1265	0.072197	0.025362	0
1	1266	0.07207	0.025369	0
1	1267	0.071943	0.025375	0
1	1268	0.071816	0.025382	0
1	1269	0.071689	0.025262	0
1	1270	0.071562	0.025269	0
1	1271	0.071434	0.025022	0
1	1272	0.071307	0.024774	0
1	1273	0.07118	0.024781	0
1	1274	0.071053	0.024661	0
1	1275	0.070926	0.024541	0
1	1276	0.070799	0.024675	0
1	1277	0.070672	0.024682	0
1	1278	0.070545	0.024943	0
1	1279	0.070418	0.024823	0
1	1280	0.07029	0.02483	0
1	1281	0.070163	0.024837	0
1	1282	0.070036	0.024717	0
1	1283	0.069909	0.024724	0
1	1284	0.069782	0.024731	0
1	1285	0.069655	0.024612	0
1	1286	0.069528	0.024619	0
1	1287	0.069401	0.024626	0
1	1288	0.069274	0.024633	0
1	1289	0.069146	0.024513	0
1	1290	0.069019	0.024521	0
1	1291	0.068892	0.024528	0
1	1292	0.068765	0.024408	0
1	1293	0.068638	0.024415	0
1	1294	0.068511	0.024423	0
1	1295	0.068384	0.02443	0
1	1296	0.068257	0.02431	0
1	1297	0.06813	0.024318	0
1	1298	0.068002	0.024198	0
1	1299	0.067875	0.024205	0
1	1300	0.067748	0.024213	0
1	1301	0.067621	0.02422	0
1	1302	0.067494	0.024101	0
1	1303	0.067367	0.024108	0
1	1304	0.06724	0.023989	0
1	1305	0.067113	0.023996	0
1	1306	0.066986	0.02375	0
1	1307	0.066859	0.023884	0
1	1308	0.066731	0.023765	0
1	1309	0.066604	0.023772	0
1	1310	0.066477	0.02378	0
1	1311	0.06635	0.023788	0
1	1312	0.066223	0.023796	0
1	1313	0.066096	0.023295	0
1	1314	0.065969	0.023303	0
1	1315	0.065842	0.023437	0
1	1316	0.065715	0.023445	0
1	1317	0.065587	0.023326	0
1	1318	0.06546	0.023334	0
1	1319	0.065333	0.023342	0
1	1320	0.065206	0.023349	0
1	1321	0.065079	0.023357	0
1	1322	0.064952	0.023365	0
1	1323	0.064825	0.023373	0
1	1324	0.064698	0.023381	0
1	1325	0.064571	0.023389	0
1	1326	0.064443	0.023397	0
1	1327	0.064316	0.023405	0
1	1328	0.064189	0.023413	0
1	1329	0.064062	0.023421	0
1	1330	0.063935	0.023302	0
1	1331	0.063808	0.02331	0
1	1332	0.063681	0.023318	0
1	1333	0.063554	0.023326	0
1	1334	0.063427	0.022826	0
1	1335	0.0633	0.023342	0
1	1336	0.063172	0.023096	0
1	1337	0.063045	0.02285	0
1	1338	0.062918	0.022986	0
1	1339	0.062791	0.022994	0
1	1340	0.062664	0.023002	0
1	1341	0.062537	0.02301	0
1	1342	0.06241	0.023019	0
1	1343	0.062283	0.0229	0
1	1344	0.062156	0.023035	0
1	1345	0.062028	0.023044	0
1	1346	0.061901	0.022925	0
1	1347	0.061774	0.022933	0
1	1348	0.061647	0.022942	0
1	1349	0.06152	0.022823	0
1	1350	0.061393	0.022832	0
1	1351	0.061266	0.02284	0
1	1352	0.061139	0.022849	0
1	1353	0.061012	0.02273	0
1	1354	0.060884	0.022738	0
1	1355	0.060757	0.02262	0
1	1356	0.06063	0.022629	0
1	1357	0.060503	0.022637	0
1	1358	0.060376	0.022519	0
1	1359	0.060249	0.022273	0
1	1360	0.060122	0.022409	0
1	1361	0.059995	0.022417	0
1	1362	0.059868	0.022299	0
1	1363	0.059741	0.022181	0
1	1364	0.059613	0.022062	0
1	1365	0.059486	0.022071	0
1	1366	0.059359	0.021953	0
1	1367	0.059232	0.021834	0
1	1368	0.059105	0.021843	0
1	1369	0.058978	0.021852	0
1	1370	0.058851	0.021861	0
1	1371	0.058724	0.02187	0
1	1372	0.058597	0.021879	0
1	1373	0.058469	0.021887	0
1	1374	0.058342	0.021896	0
1	1375	0.058215	0.021905	0
1	1376	0.058088	0.021914	0
1	1377	0.057961	0.021923	0
1	1378	0.057834	0.021932	0
1	1379	0.057707	0.021941	0
1	1380	0.05758	0.02195	0
1	1381	0.057453	0.021959	0
1	1382	0.057325	0.021841	0
1	1383	0.057198	0.021469	0
1	1384	0.057071	0.021478	0
1	1385	0.056944	0.021615	0
1	1386	0.056817	0.021497	0
1	1387	0.05669	0.021506	0
1	1388	0.056563	0.021515	0
1	1389	0.056436	0.021524	0
1	1390	0.056309	0.021534	0
1	1391	0.056182	0.021543	0
1	1392	0.056054	0.021552	0
1	1393	0.055927	0.021561	0
1	1394	0.0558	0.021571	0
1	1395	0.055673	0.02158	0
1	1396	0.055546	0.021589	0
1	1397	0.055419	0.021599	0
1	1398	0.055292	0.021608	0
1	1399	0.055165	0.021618	0
1	1400	0.055038	0.021627	0
1	1401	0.05491	0.021509	0
1	1402	0.054783	0.021519	0
1	1403	0.054656	0.021401	0
1	1404	0.054529	0.021411	0
1	1405	0.054402	0.02142	0
1	1406	0.054275	0.021303	0
1	1407	0.054148	0.021312	0
1	1408	0.054021	0.021322	0
1	1409	0.053894	0.021205	0
1	1410	0.053766	0.021214	0
1	1411	0.053639	0.021097	0
1	1412	0.053512	0.021106	0
1	1413	0.053385	0.021116	0
1	1414	0.053258	0.020999	0
1	1415	0.053131	0.021008	0
1	1416	0.053004	0.021018	0
1	1417	0.052877	0.020901	0
1	1418	0.05275	0.020911	0
1	1419	0.052622	0.020793	0
1	1420	0.052495	0.020803	0
1	1421	0.052368	0.020813	0
1	1422	0.052241	0.020823	0
1	1423	0.052114	0.020833	0
1	1424	0.051987	0.020843	0
1	1425	0.05186	0.020726	0
1	1426	0.051733	0.020736	0
1	1427	0.051606	0.020618	0
1	1428	0.051479	0.020628	0
1	1429	0.051351	0.020638	0
1	1430	0.051224	0.020521	0
1	1431	0.051097	0.020531	0
1	1432	0.05097	0.020542	0
1	1433	0.050843	0.020552	0
1	1434	0.050716	0.020435	0
1	1435	0.050589	0.020445	0
1	1436	0.050462	0.020328	0
1	1437	0.050335	0.020338	0
1	1438	0.050207	0.020348	0
1	1439	0.05008	0.020231	0
1	1440	0.049953	0.020242	0
1	1441	0.049826	0.020252	0
1	1442	0.049699	0.020135	0
1	1443	0.049572	0.020145	0
1	1444	0.049445	0.020156	0
1	1445	0.049318	0.020166	0
1	1446	0.049191	0.020049	0
1	1447	0.049063	0.02006	0
1	1448	0.048936	0.02007	0
1	1449	0.048809	0.019953	0
1	1450	0.048682	0.019964	0
1	1451	0.048555	0.019974	0
1	1452	0.048428	0.019985	0
1	1453	0.048301	0.019868	0
1	1454	0.048174	0.019879	0
1	1455	0.048047	0.019762	0
1	1456	0.04792	0.019645	0
1	1457	0.047792	0.019529	0
1	1458	0.047665	0.019412	0
1	1459	0.047538	0.019296	0
1	1460	0.047411	0.019307	0
1	1461	0.047284	0.019317	0
1	1462	0.047157	0.019328	0
1	1463	0.04703	0.019339	0
1	1464	0.046903	0.019349	0
1	1465	0.046776	0.01936	0
1	1466	0.046648	0.019371	0
1	1467	0.046521	0.019382	0
1	1468	0.046394	0.019392	0
1	1469	0.046267	0.019403	0
1	1470	0.04614	0.019414	0
1	1471	0.046013	0.019425	0
1	1472	0.045886	0.019436	0
1	1473	0.045759	0.019447	0
1	1474	0.045632	0.019458	0
1	1475	0.045504	0.019468	0
1	1476	0.045377	0.019479	0
1	1477	0.04525	0.019363	0
1	1478	0.045123	0.019374	0
1	1479	0.044996	0.019385	0
1	1480	0.044869	0.019396	0
1	1481	0.044742	0.01928	0
1	1482	0.044615	0.019291	0
1	1483	0.044488	0.019302	0
1	1484	0.044361	0.019186	0
1	1485	0.044233	0.019198	0
1	1486	0.044106	0.019209	0
1	1487	0.043979	0.019093	0
1	1488	0.043852	0.019104	0
1	1489	0.043725	0.019115	0
1	1490	0.043598	0.018999	0
1	1491	0.043471	0.019011	0
1	1492	0.043344	0.019022	0
1	1493	0.043217	0.019033	0
1	1494	0.043089	0.018917	0
1	1495	0.042962	0.018929	0
1	1496	0.042835	0.01894	0
1	1497	0.042708	0.018824	0
1	1498	0.042581	0.018836	0
1	1499	0.042454	0.018847	0
1	1500	0.042327	0.018858	0
1	1501	0.0422	0.018743	0
1	1502	0.042073	0.018754	0
1	1503	0.041945	0.018766	0
1	1504	0.041818	0.01865	0
1	1505	0.041691	0.018662	0
1	1506	0.041564	0.018546	0
1	1507	0.041437	0.018558	0
1	1508	0.04131	0.018569	0
1	1509	0.041183	0.018454	0
1	1510	0.041056	0.018465	0
1	1511	0.040929	0.018477	0
1	1512	0.040801	0.018362	0
1	1513	0.040674	0.018373	0
1	1514	0.040547	0.018385	0
1	1515	0.04042	0.01827	0
1	1516	0.040293	0.018281	0
1	1517	0.040166	0.018293	0
1	1518	0.040039	0.018178	0
1	1519	0.039912	0.01819	0
1	1520	0.039785	0.018202	0
1	1521	0.039658	0.018086	0
1	1522	0.03953	0.018098	0
1	1523	0.039403	0.01811	0
1	1524	0.039276	0.017995	0
1	1525	0.039149	0.018007	0
1	1526	0.039022	0.017892	0
1	1527	0.038895	0.017904	0
1	1528	0.038768	0.017916	0
1	1529	0.038641	0.0178	0
1	1530	0.038514	0.017812	0
1	1531	0.038386	0.017697	0
1	1532	0.038259	0.017709	0
1	1533	0.038132	0.017722	0
1	1534	0.038005	0.017607	0
1	1535	0.037878	0.017619	0
1	1536	0.037751	0.017504	0
1	1537	0.037624	0.017516	0
1	1538	0.037497	0.017401	0
1	1539	0.03737	0.017413	0
1	1540	0.037242	0.017425	0
1	1541	0.037115	0.01731	0
1	1542	0.036988	0.017323	0
1	1543	0.036861	0.017208	0
1	1544	0.036734	0.01722	0
1	1545	0.036607	0.017105	0
1	1546	0.03648	0.016991	0
1	1547	0.036353	0.017003	0
1	1548	0.036226	0.016888	0
1	1549	0.036099	0.016901	0
1	1550	0.035971	0.016913	0
1	1551	0.035844	0.016798	0
1	1552	0.035717	0.016811	0
1	1553	0.03559	0.016823	0
1	1554	0.035463	0.016709	0
1	1555	0.035336	0.016721	0
1	1556	0.035209	0.016607	0
1	1557	0.035082	0.016619	0
1	1558	0.034955	0.016505	0
1	1559	0.034827	0.016517	0
1	1560	0.0347	0.01653	0
1	1561	0.034573	0.016543	0
1	1562	0.034446	0.016428	0
1	1563	0.034319	0.016441	0
1	1564	0.034192	0.016454	0
1	1565	0.034065	0.016339	0
1	1566	0.033938	0.016352	0
1	1567	0.033811	0.016365	0
1	1568	0.033683	0.01625	0
1	1569	0.033556	0.016263	0
1	1570	0.033429	0.016276	0
1	1571	0.033302	0.016289	0
1	1572	0.033175	0.016175	0
1	1573	0.033048	0.016187	0
1	1574	0.032921	0.0162	0
1	1575	0.032794	0.016086	0
1	1576	0.032667	0.016099	0
1	1577	0.03254	0.016112	0
1	1578	0.032412	0.015998	0
1	1579	0.032285	0.016011	0
1	1580	0.032158	0.015897	0
1	1581	0.032031	0.01591	0
1	1582	0.031904	0.015923	0
1	1583	0.031777	0.015809	0
1	1584	0.03165	0.015822	0
1	1585	0.031523	0.015835	0
1	1586	0.031396	0.015721	0
1	1587	0.031268	0.015734	0
1	1588	0.031141	0.015748	0
1	1589	0.031014	0.015634	0
1	1590	0.030887	0.015647	0
1	1591	0.03076	0.01566	0
1	1592	0.030633	0.015546	0
1	1593	0.030506	0.01556	0
1	1594	0.030379	0.015446	0
1	1595	0.030252	0.015459	0
1	1596	0.030124	0.015472	0
1	1597	0.029997	0.015359	0
1	1598	0.02987	0.015372	0
1	1599	0.029743	0.015258	0
1	1600	0.029616	0.015272	0
1	1601	0.029489	0.015285	0
1	1602	0.029362	0.015171	0
1	1603	0.029235	0.015185	0
1	1604	0.029108	0.015071	0
1	1605	0.028981	0.015085	0
1	1606	0.028853	0.014971	0
1	1607	0.028726	0.014985	0
1	1608	0.028599	0.014871	0
1	1609	0.028472	0.014885	0
1	1610	0.028345	0.014771	0
1	1611	0.028218	0.014785	0
1	1612	0.028091	0.014672	0
1	1613	0.027964	0.014685	0
1	1614	0.027837	0.014572	0
1	1615	0.027709	0.014586	0
1	1616	0.027582	0.014472	0
1	1617	0.027455	0.014486	0
1	1618	0.027328	0.014373	0
1	1619	0.027201	0.014386	0
1	1620	0.027074	0.014273	0
1	1621	0.026947	0.014287	0
1	1622	0.02682	0.014301	0
1	1623	0.026693	0.014188	0
1	1624	0.026565	0.014201	0
1	1625	0.026438	0.014088	0
1	1626	0.026311	0.014102	0
1	1627	0.026184	0.014116	0
1	1628	0.026057	0.014003	0
1	1629	0.02593	0.014017	0
1	1630	0.025803	0.013904	0
1	1631	0.025676	0.013918	0
1	1632	0.025549	0.013932	0
1	1633	0.025421	0.013819	0
1	1634	0.025294	0.013833	0
1	1635	0.025167	0.013847	0
1	1636	0.02504	0.013734	0
1	1637	0.024913	0.013748	0
1	1638	0.024786	0.013762	0
1	1639	0.024659	0.013777	0
1	1640	0.024532	0.013664	0
1	1641	0.024405	0.013678	0
1	1642	0.024278	0.013692	0
1	1643	0.02415	0.013707	0
1	1644	0.024023	0.013594	0
1	1645	0.023896	0.013608	0
1	1646	0.023769	0.013622	0
1	1647	0.023642	0.013637	0
1	1648	0.023515	0.013524	0
1	1649	0.023388	0.013538	0
1	1650	0.023261	0.013426	0
1	1651	0.023134	0.01344	0
1	1652	0.023006	0.013327	0
1	1653	0.022879	0.013342	0
1	1654	0.022752	0.013229	0
1	1655	0.022625	0.013244	0
1	1656	0.022498	0.013131	0
1	1657	0.022371	0.013019	0
1	1658	0.022244	0.013033	0
1	1659	0.022117	0.012921	0
1	1660	0.02199	0.012935	0
1	1661	0.021862	0.012823	0
1	1662	0.021735	0.012837	0
1	1663	0.021608	0.012725	0
1	1664	0.021481	0.01274	0
1	1665	0.021354	0.012627	0
1	1666	0.021227	0.012642	0
1	1667	0.0211	0.01253	0
1	1668	0.020973	0.012544	0
1	1669	0.020846	0.012559	0
1	1670	0.020719	0.012447	0
1	1671	0.020591	0.012462	0
1	1672	0.020464	0.012349	0
1	1673	0.020337	0.012364	0
1	1674	0.02021	0.012252	0
1	1675	0.020083	0.012267	0
1	1676	0.019956	0.012282	0
1	1677	0.019829	0.01217	0
1	1678	0.019702	0.012185	0
1	1679	0.019575	0.0122	0
1	1680	0.019447	0.012088	0
1	1681	0.01932	0.012103	0
1	1682	0.019193	0.011991	0
1	1683	0.019066	0.012006	0
1	1684	0.018939	0.011894	0
1	1685	0.018812	0.011909	0
1	1686	0.018685	0.011924	0
1	1687	0.018558	0.011812	0
1	1688	0.018431	0.011827	0
1	1689	0.018303	0.011715	0
1	1690	0.018176	0.01173	0
1	1691	0.018049	0.011618	0
1	1692	0.017922	0.011634	0
1	1693	0.017795	0.011649	0
1	1694	0.017668	0.011537	0
1	1695	0.017541	0.011552	0
1	1696	0.017414	0.011441	0
1	1697	0.017287	0.011456	0
1	1698	0.01716	0.011471	0
1	1699	0.017032	0.01136	0
1	1700	0.016905	0.011375	0
1	1701	0.016778	0.011263	0
1	1702	0.016651	0.011279	0
1	1703	0.016524	0.011294	0
1	1704	0.016397	0.011183	0
1	1705	0.01627	0.011198	0
1	1706	0.016143	0.011214	0
1	1707	0.016016	0.011102	0
1	1708	0.015888	0.011118	0
1	1709	0.015761	0.011133	0
1	1710	0.015634	0.011022	0
1	1711	0.015507	0.011037	0
1	1712	0.01538	0.010926	0
1	1713	0.015253	0.010942	0
1	1714	0.015126	0.010957	0
1	1715	0.014999	0.010846	0
1	1716	0.014872	0.010862	0
1	1717	0.014744	0.010877	0
1	1718	0.014617	0.010766	0
1	1719	0.01449	0.010782	0
1	1720	0.014363	0.01067	0
1	1721	0.014236	0.010686	0
1	1722	0.014109	0.010575	0
1	1723	0.013982	0.010591	0
1	1724	0.013855	0.01048	0
1	1725	0.013728	0.010495	0
1	1726	0.0136	0.010384	0
1	1727	0.013473	0.010273	0
1	1728	0.013346	0.010162	0
1	1729	0.013219	0.010178	0
1	1730	0.013092	0.010067	0
1	1731	0.012965	0.009956	0
1	1732	0.012838	0.009845	0
1	1733	0.012711	0.009861	0
1	1734	0.012584	0.00975	0
1	1735	0.012457	0.009639	0
1	1736	0.012329	0.009528	0
1	1737	0.012202	0.009417	0
1	1738	0.012075	0.009433	0
1	1739	0.011948	0.009322	0
1	1740	0.011821	0.009338	0
1	1741	0.011694	0.009227	0
1	1742	0.011567	0.009116	0
1	1743	0.01144	0.009133	0
1	1744	0.011313	0.009022	0
1	1745	0.011185	0.008911	0
1	1746	0.011058	0.008927	0
1	1747	0.010931	0.008817	0
1	1748	0.010804	0.008833	0
1	1749	0.010677	0.008722	0
1	1750	0.01055	0.008739	0
1	1751	0.010423	0.008628	0
1	1752	0.010296	0.008644	0
1	1753	0.010169	0.008534	0
1	1754	0.010041	0.008423	0
1	1755	0.009914	0.00844	0
1	1756	0.009787	0.008329	0
1	1757	0.00966	0.008345	0
1	1758	0.009533	0.008235	0
1	1759	0.009406	0.008251	0
1	1760	0.009279	0.008268	0
1	1761	0.009152	0.008158	0
1	1762	0.009025	0.008174	0
1	1763	0.008898	0.008064	0
1	1764	0.00877	0.007953	0
1	1765	0.008643	0.00797	0
1	1766	0.008516	0.00786	0
1	1767	0.008389	0.007876	0
1	1768	0.008262	0.007766	0
1	1769	0.008135	0.007783	0
1	1770	0.008008	0.007672	0
1	1771	0.007881	0.007562	0
1	1772	0.007754	0.007579	0
1	1773	0.007626	0.007469	0
1	1774	0.007499	0.007486	0
1	1775	0.007372	0.007375	0
1	1776	0.007245	0.007392	0
1	1777	0.007118	0.007282	0
1	1778	0.006991	0.007299	0
1	1779	0.006864	0.007189	0
1	1780	0.006737	0.007079	0
1	1781	0.00661	0.007096	0
1	1782	0.006482	0.006986	0
1	1783	0.006355	0.007003	0
1	1784	0.006228	0.006893	0
1	1785	0.006101	0.00691	0
1	1786	0.005974	0.0068	0
1	1787	0.005847	0.00669	0
1	1788	0.00572	0.006707	0
1	1789	0.005593	0.006597	0
1	1790	0.005466	0.006487	0
1	1791	0.005339	0.006504	0
1	1792	0.005211	0.006395	0
1	1793	0.005084	0.006285	0
1	1794	0.004957	0.006302	0
1	1795	0.00483	0.006192	0
1	1796	0.004703	0.006209	0
1	1797	0.004576	0.0061	0
1	1798	0.004449	0.006117	0
1	1799	0.004322	0.006007	0
1	1800	0.004195	0.006025	0
1	1801	0.004067	0.005915	0
1	1802	0.00394	0.005805	0
1	1803	0.003813	0.005696	0
1	1804	0.003686	0.005586	0
1	1805	0.003559	0.005476	0
1	1806	0.003432	0.005367	0
1	1807	0.003305	0.005257	0
1	1808	0.003178	0.005148	0
1	1809	0.003051	0.005038	0
1	1810	0.002923	0.004929	0
1	1811	0.002796	0.004819	0
1	1812	0.002669	0.00471	0
1	1813	0.002542	0.0046	0
1	1814	0.002415	0.004491	0
1	1815	0.002288	0.004381	0
1	1816	0.002161	0.004272	0
1	1817	0.002034	0.004162	0
1	1818	0.001907	0.00418	0
1	1819	0.00178	0.004071	0
1	1820	0.001652	0.003962	0
1	1821	0.001525	0.003979	0
1	1822	0.001398	0.00387	0
1	1823	0.001271	0.003761	0
1	1824	0.001144	0.003652	0
1	1825	0.001017	0.003542	0
1	1826	0.00089	0.003306	0
1	1827	0.000763	0.003197	0
1	1828	0.000636	0.003088	0
1	1829	0.000508	0.002851	0
1	1830	0.000381	0.002742	0
1	1831	0.000254	0.001743	0
1	1832	0.000127	0.001634	0
1	1833	0	0.000763	0
1	1834	0	0	0
1	1835	0.000127	-0.000145	0
1	1836	0.000254	-0.000544	0
1	1837	0.000381	-0.000181	0
1	1838	0.000508	-0.001597	0
1	1839	0.000636	-0.001742	0
1	1840	0.000763	-0.002015	0
1	1841	0.00089	-0.002287	0
1	1842	0.001017	-0.002686	0
1	1843	0.001144	-0.002831	0
1	1844	0.001271	-0.003103	0
1	1845	0.001398	-0.003248	0
1	1846	0.001525	-0.003266	0
1	1847	0.001652	-0.003538	0
1	1848	0.00178	-0.003683	0
1	1849	0.001907	-0.0037	0
1	1850	0.002034	-0.003845	0
1	1851	0.002161	-0.003863	0
1	1852	0.002288	-0.004135	0
1	1853	0.002415	-0.00428	0
1	1854	0.002542	-0.004297	0
1	1855	0.002669	-0.004442	0
1	1856	0.002796	-0.004587	0
1	1857	0.002923	-0.004605	0
1	1858	0.003051	-0.004622	0
1	1859	0.003178	-0.00464	0
1	1860	0.003305	-0.004784	0
1	1861	0.003432	-0.004929	0
1	1862	0.003559	-0.004946	0
1	1863	0.003686	-0.005091	0
1	1864	0.003813	-0.005236	0
1	1865	0.00394	-0.005253	0
1	1866	0.004067	-0.005271	0
1	1867	0.004195	-0.005288	0
1	1868	0.004322	-0.005305	0
1	1869	0.004449	-0.005323	0
1	1870	0.004576	-0.00534	0
1	1871	0.004703	-0.005484	0
1	1872	0.00483	-0.005629	0
1	1873	0.004957	-0.006155	0
1	1874	0.005084	-0.006299	0
1	1875	0.005211	-0.00657	0
1	1876	0.005339	-0.006715	0
1	1877	0.005466	-0.006732	0
1	1878	0.005593	-0.006876	0
1	1879	0.00572	-0.007021	0
1	1880	0.005847	-0.007038	0
1	1881	0.005974	-0.007055	0
1	1882	0.006101	-0.007072	0
1	1883	0.006228	-0.007089	0
1	1884	0.006355	-0.007106	0
1	1885	0.006482	-0.007123	0
1	1886	0.00661	-0.007267	0
1	1887	0.006737	-0.007284	0
1	1888	0.006864	-0.007428	0
1	1889	0.006991	-0.007445	0
1	1890	0.007118	-0.007717	0
1	1891	0.007245	-0.007861	0
1	1892	0.007372	-0.007877	0
1	1893	0.007499	-0.008021	0
1	1894	0.007626	-0.008165	0
1	1895	0.007754	-0.008182	0
1	1896	0.007881	-0.008199	0
1	1897	0.008008	-0.008216	0
1	1898	0.008135	-0.008233	0
1	1899	0.008262	-0.00825	0
1	1900	0.008389	-0.008266	0
1	1901	0.008516	-0.008283	0
1	1902	0.008643	-0.008427	0
1	1903	0.00877	-0.008571	0
1	1904	0.008898	-0.008587	0
1	1905	0.009025	-0.008731	0
1	1906	0.009152	-0.008875	0
1	1907	0.009279	-0.008891	0
1	1908	0.009406	-0.008908	0
1	1909	0.009533	-0.008925	0
1	1910	0.00966	-0.008941	0
1	1911	0.009787	-0.008958	0
1	1912	0.009914	-0.008974	0
1	1913	0.010041	-0.009118	0
1	1914	0.010169	-0.009261	0
1	1915	0.010296	-0.009278	0
1	1916	0.010423	-0.009421	0
1	1917	0.01055	-0.009565	0
1	1918	0.010677	-0.009581	0
1	1919	0.010804	-0.009598	0
1	1920	0.010931	-0.009614	0
1	1921	0.011058	-0.009757	0
1	1922	0.011185	-0.009901	0
1	1923	0.011313	-0.009917	0
1	1924	0.01144	-0.010061	0
1	1925	0.011567	-0.010204	0
1	1926	0.011694	-0.01022	0
1	1927	0.011821	-0.010236	0
1	1928	0.011948	-0.010253	0
1	1929	0.012075	-0.010269	0
1	1930	0.012202	-0.010285	0
1	1931	0.012329	-0.010301	0
1	1932	0.012457	-0.010317	0
1	1933	0.012584	-0.010333	0
1	1934	0.012711	-0.010349	0
1	1935	0.012838	-0.010365	0
1	1936	0.012965	-0.010509	0
1	1937	0.013092	-0.010397	0
1	1938	0.013219	-0.010413	0
1	1939	0.013346	-0.010811	0
1	1940	0.013473	-0.010572	0
1	1941	0.0136	-0.011097	0
1	1942	0.013728	-0.010604	0
1	1943	0.013855	-0.011256	0
1	1944	0.013982	-0.011399	0
1	1945	0.014109	-0.010525	0
1	1946	0.014236	-0.010922	0
1	1947	0.014363	-0.011446	0
1	1948	0.01449	-0.011589	0
1	1949	0.014617	-0.010588	0
1	1950	0.014744	-0.010604	0
1	1951	0.014872	-0.01062	0
1	1952	0.014999	-0.012034	0
1	1953	0.015126	-0.012049	0
1	1954	0.015253	-0.011175	0
1	1955	0.01538	-0.010809	0
1	1956	0.015507	-0.012096	0
1	1957	0.015634	-0.012112	0
1	1958	0.015761	-0.012127	0
1	1959	0.015888	-0.012143	0
1	1960	0.016016	-0.012159	0
1	1961	0.016143	-0.012174	0
1	1962	0.01627	-0.01219	0
1	1963	0.016397	-0.012205	0
1	1964	0.016524	-0.012221	0
1	1965	0.016651	-0.012236	0
1	1966	0.016778	-0.012252	0
1	1967	0.016905	-0.012394	0
1	1968	0.017032	-0.012537	0
1	1969	0.01716	-0.012552	0
1	1970	0.017287	-0.012694	0
1	1971	0.017414	-0.012837	0
1	1972	0.017541	-0.012852	0
1	1973	0.017668	-0.012867	0
1	1974	0.017795	-0.012883	0
1	1975	0.017922	-0.012898	0
1	1976	0.018049	-0.012913	0
1	1977	0.018176	-0.012928	0
1	1978	0.018303	-0.012944	0
1	1979	0.018431	-0.012959	0
1	1980	0.018558	-0.012974	0
1	1981	0.018685	-0.012989	0
1	1982	0.018812	-0.013131	0
1	1983	0.018939	-0.013274	0
1	1984	0.019066	-0.013289	0
1	1985	0.019193	-0.013431	0
1	1986	0.01932	-0.013573	0
1	1987	0.019447	-0.013588	0
1	1988	0.019575	-0.013603	0
1	1989	0.019702	-0.013618	0
1	1990	0.019829	-0.013633	0
1	1991	0.019956	-0.013648	0
1	1992	0.020083	-0.013663	0
1	1993	0.02021	-0.013678	0
1	1994	0.020337	-0.01382	0
1	1995	0.020464	-0.013708	0
1	1996	0.020591	-0.013977	0
1	1997	0.020719	-0.013737	0
1	1998	0.020846	-0.01426	0
1	1999	0.020973	-0.014275	0
1	2000	0.0211	-0.01429	0
1	2001	0.021227	-0.014305	0
1	2002	0.021354	-0.014319	0
1	2003	0.021481	-0.014334	0
1	2004	0.021608	-0.014349	0
1	2005	0.021735	-0.014364	0
1	2006	0.021862	-0.014378	0
1	2007	0.02199	-0.014393	0
1	2008	0.022117	-0.014407	0
1	2009	0.022244	-0.014422	0
1	2010	0.022371	-0.014437	0
1	2011	0.022498	-0.014451	0
1	2012	0.022625	-0.014466	0
1	2013	0.022752	-0.014607	0
1	2014	0.022879	-0.014749	0
1	2015	0.023006	-0.014763	0
1	2016	0.023134	-0.014905	0
1	2017	0.023261	-0.015046	0
1	2018	0.023388	-0.015061	0
1	2019	0.023515	-0.015075	0
1	2020	0.023642	-0.01509	0
1	2021	0.023769	-0.015104	0
1	2022	0.023896	-0.015118	0
1	2023	0.024023	-0.015133	0
1	2024	0.02415	-0.015147	0
1	2025	0.024278	-0.015161	0
1	2026	0.024405	-0.015175	0
1	2027	0.024532	-0.01519	0
1	2028	0.024659	-0.015204	0
1	2029	0.024786	-0.015218	0
1	2030	0.024913	-0.015232	0
1	2031	0.02504	-0.015246	0
1	2032	0.025167	-0.01526	0
1	2033	0.025294	-0.015275	0
1	2034	0.025421	-0.015289	0
1	2035	0.025549	-0.015303	0
1	2036	0.025676	-0.015444	0
1	2037	0.025803	-0.015585	0
1	2038	0.02593	-0.015599	0
1	2039	0.026057	-0.01574	0
1	2040	0.026184	-0.015881	0
1	2041	0.026311	-0.015895	0
1	2042	0.026438	-0.015909	0
1	2043	0.026565	-0.015923	0
1	2044	0.026693	-0.015937	0
1	2045	0.02682	-0.015951	0
1	2046	0.026947	-0.015965	0
1	2047	0.027074	-0.015978	0
1	2048	0.027201	-0.015992	0
1	2049	0.027328	-0.016006	0
1	2050	0.027455	-0.01602	0
1	2051	0.027582	-0.016034	0
1	2052	0.027709	-0.016047	0
1	2053	0.027837	-0.016061	0
1	2054	0.027964	-0.016456	0
1	2055	0.028091	-0.016216	0
1	2056	0.028218	-0.016229	0
1	2057	0.028345	-0.016116	0
1	2058	0.028472	-0.016384	0
1	2059	0.028599	-0.01627	0
1	2060	0.028726	-0.017046	0
1	2061	0.028853	-0.016806	0
1	2062	0.028981	-0.016184	0
1	2063	0.029108	-0.016706	0
1	2064	0.029235	-0.016338	0
1	2065	0.029362	-0.016478	0
1	2066	0.029489	-0.016238	0
1	2067	0.029616	-0.016378	0
1	2068	0.029743	-0.016264	0
1	2069	0.02987	-0.017168	0
1	2070	0.029997	-0.017181	0
1	2071	0.030124	-0.016305	0
1	2072	0.030252	-0.017208	0
1	2073	0.030379	-0.016712	0
1	2074	0.030506	-0.016726	0
1	2075	0.030633	-0.016358	0
1	2076	0.03076	-0.016752	0
1	2077	0.030887	-0.016384	0
1	2078	0.031014	-0.016397	0
1	2079	0.031141	-0.016538	0
1	2080	0.031268	-0.016424	0
1	2081	0.031396	-0.017327	0
1	2082	0.031523	-0.01734	0
1	2083	0.03165	-0.016463	0
1	2084	0.031777	-0.016476	0
1	2085	0.031904	-0.017379	0
1	2086	0.032031	-0.017011	0
1	2087	0.032158	-0.016643	0
1	2088	0.032285	-0.01691	0
1	2089	0.032412	-0.017431	0
1	2090	0.03254	-0.017063	0
1	2091	0.032667	-0.016949	0
1	2092	0.032794	-0.01658	0
1	2093	0.032921	-0.016593	0
1	2094	0.033048	-0.016606	0
1	2095	0.033175	-0.017	0
1	2096	0.033302	-0.016632	0
1	2097	0.033429	-0.018043	0
1	2098	0.033556	-0.017166	0
1	2099	0.033683	-0.018069	0
1	2100	0.033811	-0.017065	0
1	2101	0.033938	-0.017204	0
1	2102	0.034065	-0.018107	0
1	2103	0.034192	-0.016721	0
1	2104	0.034319	-0.017115	0
1	2105	0.034446	-0.018145	0
1	2106	0.034573	-0.016759	0
1	2107	0.0347	-0.018425	0
1	2108	0.034827	-0.017166	0
1	2109	0.034955	-0.016797	0
1	2110	0.035082	-0.017318	0
1	2111	0.035209	-0.017331	0
1	2112	0.035336	-0.018233	0
1	2113	0.035463	-0.018754	0
1	2114	0.03559	-0.01686	0
1	2115	0.035717	-0.016873	0
1	2116	0.035844	-0.018792	0
1	2117	0.035971	-0.018423	0
1	2118	0.036099	-0.018308	0
1	2119	0.036226	-0.018829	0
1	2120	0.036353	-0.016935	0
1	2121	0.03648	-0.018345	0
1	2122	0.036607	-0.016959	0
1	2123	0.036734	-0.017353	0
1	2124	0.036861	-0.018382	0
1	2125	0.036988	-0.018394	0
1	2126	0.037115	-0.017517	0
1	2127	0.037242	-0.018419	0
1	2128	0.03737	-0.018431	0
1	2129	0.037497	-0.017045	0
1	2130	0.037624	-0.018964	0
1	2131	0.037751	-0.018976	0
1	2132	0.037878	-0.017463	0
1	2133	0.038005	-0.017094	0
1	2134	0.038132	-0.017614	0
1	2135	0.038259	-0.018516	0
1	2136	0.038386	-0.018528	0
1	2137	0.038514	-0.017651	0
1	2138	0.038641	-0.019061	0
1	2139	0.038768	-0.017166	0
1	2140	0.038895	-0.019085	0
1	2141	0.039022	-0.019097	0
1	2142	0.039149	-0.019109	0
1	2143	0.039276	-0.017722	0
1	2144	0.039403	-0.018624	0
1	2145	0.03953	-0.018763	0
1	2146	0.039658	-0.017758	0
1	2147	0.039785	-0.017643	0
1	2148	0.039912	-0.018671	0
1	2149	0.040039	-0.017666	0
1	2150	0.040166	-0.017805	0
1	2151	0.040293	-0.01769	0
1	2152	0.04042	-0.017702	0
1	2153	0.040547	-0.019239	0
1	2154	0.040674	-0.017725	0
1	2155	0.040801	-0.018754	0
1	2156	0.040929	-0.018765	0
1	2157	0.041056	-0.019285	0
1	2158	0.041183	-0.017899	0
1	2159	0.04131	-0.017783	0
1	2160	0.041437	-0.017795	0
1	2161	0.041564	-0.017807	0
1	2162	0.041691	-0.018835	0
1	2163	0.041818	-0.018974	0
1	2164	0.041945	-0.018858	0
1	2165	0.042073	-0.01887	0
1	2166	0.0422	-0.018881	0
1	2167	0.042327	-0.018892	0
1	2168	0.042454	-0.017887	0
1	2169	0.042581	-0.017898	0
1	2170	0.042708	-0.018037	0
1	2171	0.042835	-0.019065	0
1	2172	0.042962	-0.018949	0
1	2173	0.043089	-0.017944	0
1	2174	0.043217	-0.01948	0
1	2175	0.043344	-0.019492	0
1	2176	0.043471	-0.018105	0
1	2177	0.043598	-0.019006	0
1	2178	0.043725	-0.019144	0
1	2179	0.043852	-0.019155	0
1	2180	0.043979	-0.019039	0
1	2181	0.044106	-0.019686	0
1	2182	0.044233	-0.018045	0
1	2183	0.044361	-0.0192	0
1	2184	0.044488	-0.019084	0
1	2185	0.044615	-0.018078	0
1	2186	0.044742	-0.018089	0
1	2187	0.044869	-0.0181	0
1	2188	0.044996	-0.018111	0
1	2189	0.045123	-0.019648	0
1	2190	0.04525	-0.019659	0
1	2191	0.045377	-0.01967	0
1	2192	0.045504	-0.018282	0
1	2193	0.045632	-0.018166	0
1	2194	0.045759	-0.019702	0
1	2195	0.045886	-0.019332	0
1	2196	0.046013	-0.018326	0
1	2197	0.04614	-0.019354	0
1	2198	0.046267	-0.019365	0
1	2199	0.046394	-0.019375	0
1	2200	0.046521	-0.019768	0
1	2201	0.046648	-0.018253	0
1	2202	0.046776	-0.019408	0
1	2203	0.046903	-0.019291	0
1	2204	0.04703	-0.019429	0
1	2205	0.047157	-0.019821	0
1	2206	0.047284	-0.019832	0
1	2207	0.047411	-0.019461	0
1	2208	0.047538	-0.019345	0
1	2209	0.047665	-0.020245	0
1	2210	0.047792	-0.018349	0
1	2211	0.04792	-0.020139	0
1	2212	0.048047	-0.019514	0
1	2213	0.048174	-0.019525	0
1	2214	0.048301	-0.018391	0
1	2215	0.048428	-0.019927	0
1	2216	0.048555	-0.019556	0
1	2217	0.048682	-0.020075	0
1	2218	0.048809	-0.019577	0
1	2219	0.048936	-0.018444	0
1	2220	0.049063	-0.020361	0
1	2221	0.049191	-0.020498	0
1	2222	0.049318	-0.018475	0
1	2223	0.049445	-0.020519	0
1	2224	0.049572	-0.019639	0
1	2225	0.049699	-0.018506	0
1	2226	0.049826	-0.02055	0
1	2227	0.049953	-0.02056	0
1	2228	0.05008	-0.019553	0
1	2229	0.050207	-0.02058	0
1	2230	0.050335	-0.018557	0
1	2231	0.050462	-0.018567	0
1	2232	0.050589	-0.020611	0
1	2233	0.050716	-0.019731	0
1	2234	0.050843	-0.019741	0
1	2235	0.05097	-0.019752	0
1	2236	0.051097	-0.019762	0
1	2237	0.051224	-0.019645	0
1	2238	0.051351	-0.019782	0
1	2239	0.051479	-0.019792	0
1	2240	0.051606	-0.019802	0
1	2241	0.051733	-0.019685	0
1	2242	0.05186	-0.019695	0
1	2243	0.051987	-0.020721	0
1	2244	0.052114	-0.019714	0
1	2245	0.052241	-0.020741	0
1	2246	0.052368	-0.019734	0
1	2247	0.052495	-0.019744	0
1	2248	0.052622	-0.020771	0
1	2249	0.05275	-0.019764	0
1	2250	0.052877	-0.019774	0
1	2251	0.053004	-0.0208	0
1	2252	0.053131	-0.02081	0
1	2253	0.053258	-0.02082	0
1	2254	0.053385	-0.019813	0
1	2255	0.053512	-0.019949	0
1	2256	0.053639	-0.019832	0
1	2257	0.053766	-0.020858	0
1	2258	0.053894	-0.019851	0
1	2259	0.054021	-0.020878	0
1	2260	0.054148	-0.020887	0
1	2261	0.054275	-0.020897	0
1	2262	0.054402	-0.020906	0
1	2263	0.054529	-0.020916	0
1	2264	0.054656	-0.020926	0
1	2265	0.054783	-0.020935	0
1	2266	0.05491	-0.020944	0
1	2267	0.055038	-0.020954	0
1	2268	0.055165	-0.020963	0
1	2269	0.055292	-0.020973	0
1	2270	0.055419	-0.021109	0
1	2271	0.055546	-0.020992	0
1	2272	0.055673	-0.021001	0
1	2273	0.0558	-0.02101	0
1	2274	0.055927	-0.02102	0
1	2275	0.056054	-0.021029	0
1	2276	0.056182	-0.021038	0
1	2277	0.056309	-0.021047	0
1	2278	0.056436	-0.021057	0
1	2279	0.056563	-0.021066	0
1	2280	0.05669	-0.021075	0
1	2281	0.056817	-0.021084	0
1	2282	0.056944	-0.021094	0
1	2283	0.057071	-0.021103	0
1	2284	0.057198	-0.021112	0
1	2285	0.057325	-0.021121	0
1	2286	0.057453	-0.02113	0
1	2287	0.05758	-0.021139	0
1	2288	0.057707	-0.021148	0
1	2289	0.057834	-0.021157	0
1	2290	0.057961	-0.021166	0
1	2291	0.058088	-0.021175	0
1	2292	0.058215	-0.021184	0
1	2293	0.058342	-0.021193	0
1	2294	0.058469	-0.021202	0
1	2295	0.058597	-0.021211	0
1	2296	0.058724	-0.02122	0
1	2297	0.058851	-0.021229	0
1	2298	0.058978	-0.021237	0
1	2299	0.059105	-0.021246	0
1	2300	0.059232	-0.021255	0
1	2301	0.059359	-0.021264	0
1	2302	0.059486	-0.021273	0
1	2303	0.059613	-0.021281	0
1	2304	0.059741	-0.02129	0
1	2305	0.059868	-0.021299	0
1	2306	0.059995	-0.021308	0
1	2307	0.060122	-0.021316	0
1	2308	0.060249	-0.021325	0
1	2309	0.060376	-0.021333	0
1	2310	0.060503	-0.021342	0
1	2311	0.06063	-0.021351	0
1	2312	0.060757	-0.021359	0
1	2313	0.060884	-0.021368	0
1	2314	0.061012	-0.021376	0
1	2315	0.061139	-0.021385	0
1	2316	0.061266	-0.021393	0
1	2317	0.061393	-0.021402	0
1	2318	0.06152	-0.02141	0
1	2319	0.061647	-0.021419	0
1	2320	0.061774	-0.021427	0
1	2321	0.061901	-0.021435	0
1	2322	0.062028	-0.021444	0
1	2323	0.062156	-0.021452	0
1	2324	0.062283	-0.021461	0
1	2325	0.06241	-0.021469	0
1	2326	0.062537	-0.021477	0
1	2327	0.062664	-0.021485	0
1	2328	0.062791	-0.021494	0
1	2329	0.062918	-0.021502	0
1	2330	0.063045	-0.02151	0
1	2331	0.063172	-0.021518	0
1	2332	0.0633	-0.021526	0
1	2333	0.063427	-0.021535	0
1	2334	0.063554	-0.021543	0
1	2335	0.063681	-0.021551	0
1	2336	0.063808	-0.021559	0
1	2337	0.063935	-0.021567	0
1	2338	0.064062	-0.021575	0
1	2339	0.064189	-0.021583	0
1	2340	0.064316	-0.021591	0
1	2341	0.064443	-0.021599	0
1	2342	0.064571	-0.021607	0
1	2343	0.064698	-0.021615	0
1	2344	0.064825	-0.021623	0
1	2345	0.064952	-0.021631	0
1	2346	0.065079	-0.021639	0
1	2347	0.065206	-0.021647	0
1	2348	0.065333	-0.021655	0
1	2349	0.06546	-0.021662	0
1	2350	0.065587	-0.02167	0
1	2351	0.065715	-0.021678	0
1	2352	0.065842	-0.021686	0
1	2353	0.065969	-0.021694	0
1	2354	0.066096	-0.021701	0
1	2355	0.066223	-0.021709	0
1	2356	0.06635	-0.021717	0
1	2357	0.066477	-0.021724	0
1	2358	0.066604	-0.021732	0
1	2359	0.066731	-0.02174	0
1	2360	0.066859	-0.021747	0
1	2361	0.066986	-0.021755	0
1	2362	0.067113	-0.021762	0
1	2363	0.06724	-0.02177	0
1	2364	0.067367	-0.021778	0
1	2365	0.067494	-0.021785	0
1	2366	0.067621	-0.021793	0
1	2367	0.067748	-0.0218	0
1	2368	0.067875	-0.021807	0
1	2369	0.068002	-0.021815	0
1	2370	0.06813	-0.021822	0
1	2371	0.068257	-0.02183	0
1	2372	0.068384	-0.021837	0
1	2373	0.068511	-0.021844	0
1	2374	0.068638	-0.021852	0
1	2375	0.068765	-0.021859	0
1	2376	0.068892	-0.021866	0
1	2377	0.069019	-0.021874	0
1	2378	0.069146	-0.021881	0
1	2379	0.069274	-0.021888	0
1	2380	0.069401	-0.021895	0
1	2381	0.069528	-0.021903	0
1	2382	0.069655	-0.02191	0
1	2383	0.069782	-0.021917	0
1	2384	0.069909	-0.021924	0
1	2385	0.070036	-0.021931	0
1	2386	0.070163	-0.021938	0
1	2387	0.07029	-0.021945	0
1	2388	0.070418	-0.021952	0
1	2389	0.070545	-0.021959	0
1	2390	0.070672	-0.021967	0
1	2391	0.070799	-0.021974	0
1	2392	0.070926	-0.02198	0
1	2393	0.071053	-0.021987	0
1	2394	0.07118	-0.021994	0
1	2395	0.071307	-0.022001	0
1	2396	0.071434	-0.022008	0
1	2397	0.071562	-0.022015	0
1	2398	0.071689	-0.022022	0
1	2399	0.071816	-0.022029	0
1	2400	0.071943	-0.022036	0
1	2401	0.07207	-0.022042	0
1	2402	0.072197	-0.022049	0
1	2403	0.072324	-0.022056	0
1	2404	0.072451	-0.022063	0
1	2405	0.072578	-0.022069	0
1	2406	0.072705	-0.022076	0
1	2407	0.072833	-0.022083	0
1	2408	0.07296	-0.022089	0
1	2409	0.073087	-0.022096	0
1	2410	0.073214	-0.022103	0
1	2411	0.073341	-0.022109	0
1	2412	0.073468	-0.022116	0
1	2413	0.073595	-0.022122	0
1	2414	0.073722	-0.022129	0
1	2415	0.073849	-0.022136	0
1	2416	0.073977	-0.022142	0
1	2417	0.074104	-0.022149	0
1	2418	0.074231	-0.022155	0
1	2419	0.074358	-0.022161	0
1	2420	0.074485	-0.022168	0
1	2421	0.074612	-0.022174	0
1	2422	0.074739	-0.022181	0
1	2423	0.074866	-0.022187	0
1	2424	0.074993	-0.022193	0
1	2425	0.075121	-0.0222	0
1	2426	0.075248	-0.022206	0
1	2427	0.075375	-0.022212	0
1	2428	0.075502	-0.022219	0
1	2429	0.075629	-0.022225	0
1	2430	0.075756	-0.022231	0
1	2431	0.075883	-0.022237	0
1	2432	0.07601	-0.022243	0
1	2433	0.076137	-0.02225	0
1	2434	0.076264	-0.022256	0
1	2435	0.076392	-0.022262	0
1	2436	0.076519	-0.022268	0
1	2437	0.076646	-0.022274	0
1	2438	0.076773	-0.02228	0
1	2439	0.0769	-0.022286	0
1	2440	0.077027	-0.022292	0
1	2441	0.077154	-0.022298	0
1	2442	0.077281	-0.022304	0
1	2443	0.077408	-0.02231	0
1	2444	0.077536	-0.022316	0
1	2445	0.077663	-0.022322	0
1	2446	0.07779	-0.022328	0
1	2447	0.077917	-0.022334	0
1	2448	0.078044	-0.02234	0
1	2449	0.078171	-0.022346	0
1	2450	0.078298	-0.022351	0
1	2451	0.078425	-0.022357	0
1	2452	0.078552	-0.022363	0
1	2453	0.07868	-0.022369	0
1	2454	0.078807	-0.022375	0
1	2455	0.078934	-0.02238	0
1	2456	0.079061	-0.022386	0
1	2457	0.079188	-0.022392	0
1	2458	0.079315	-0.022397	0
1	2459	0.079442	-0.022403	0
1	2460	0.079569	-0.022409	0
1	2461	0.079696	-0.022414	0
1	2462	0.079823	-0.02242	0
1	2463	0.079951	-0.022425	0
1	2464	0.080078	-0.022431	0
1	2465	0.080205	-0.022436	0
1	2466	0.080332	-0.022442	0
1	2467	0.080459	-0.022447	0
1	2468	0.080586	-0.022453	0
1	2469	0.080713	-0.022458	0
1	2470	0.08084	-0.022464	0
1	2471	0.080967	-0.022469	0
1	2472	0.081095	-0.022475	0
1	2473	0.081222	-0.02248	0
1	2474	0.081349	-0.022485	0
1	2475	0.081476	-0.022491	0
1	2476	0.081603	-0.022496	0
1	2477	0.08173	-0.022501	0
1	2478	0.081857	-0.022507	0
1	2479	0.081984	-0.022512	0
1	2480	0.082111	-0.022517	0
1	2481	0.082239	-0.022522	0
1	2482	0.082366	-0.022527	0
1	2483	0.082493	-0.022533	0
1	2484	0.08262	-0.022538	0
1	2485	0.082747	-0.022543	0
1	2486	0.082874	-0.022548	0
1	2487	0.083001	-0.022553	0
1	2488	0.083128	-0.022558	0
1	2489	0.083255	-0.022563	0
1	2490	0.083382	-0.022568	0
1	2491	0.08351	-0.022573	0
1	2492	0.083637	-0.022578	0
1	2493	0.083764	-0.022583	0
1	2494	0.083891	-0.022588	0
1	2495	0.084018	-0.022593	0
1	2496	0.084145	-0.022598	0
1	2497	0.084272	-0.022603	0
1	2498	0.084399	-0.022608	0
1	2499	0.084526	-0.022613	0
1	2500	0.084654	-0.022618	0
1	2501	0.084781	-0.022622	0
1	2502	0.084908	-0.022627	0
1	2503	0.085035	-0.022632	0
1	2504	0.085162	-0.022637	0
1	2505	0.085289	-0.022641	0
1	2506	0.085416	-0.022646	0
1	2507	0.085543	-0.022651	0
1	2508	0.08567	-0.022655	0
1	2509	0.085798	-0.02266	0
1	2510	0.085925	-0.022665	0
1	2511	0.086052	-0.022669	0
1	2512	0.086179	-0.022674	0
1	2513	0.086306	-0.022679	0
1	2514	0.086433	-0.022683	0
1	2515	0.08656	-0.022688	0
1	2516	0.086687	-0.022819	0
1	2517	0.086814	-0.022951	0
1	2518	0.086942	-0.022955	0
1	2519	0.087069	-0.023087	0
1	2520	0.087196	-0.023218	0
1	2521	0.087323	-0.023223	0
1	2522	0.08745	-0.023227	0
1	2523	0.087577	-0.023232	0
1	2524	0.087704	-0.023236	0
1	2525	0.087831	-0.02324	0
1	2526	0.087958	-0.023245	0
1	2527	0.088085	-0.023122	0
1	2528	0.088213	-0.022999	0
1	2529	0.08834	-0.023003	0
1	2530	0.088467	-0.02288	0
1	2531	0.088594	-0.022758	0
1	2532	0.088721	-0.022762	0
1	2533	0.088848	-0.022766	0
1	2534	0.088975	-0.02277	0
1	2535	0.089102	-0.022774	0
1	2536	0.089229	-0.022778	0
1	2537	0.089357	-0.022782	0
1	2538	0.089484	-0.022787	0
1	2539	0.089611	-0.022791	0
1	2540	0.089738	-0.022795	0
1	2541	0.089865	-0.022799	0
1	2542	0.089992	-0.022803	0
1	2543	0.090119	-0.022807	0
1	2544	0.090246	-0.022811	0
1	2545	0.090373	-0.022815	0
1	2546	0.090501	-0.022819	0
1	2547	0.090628	-0.022822	0
1	2548	0.090755	-0.022826	0
1	2549	0.090882	-0.02283	0
1	2550	0.091009	-0.022834	0
1	2551	0.091136	-0.022838	0
1	2552	0.091263	-0.022842	0
1	2553	0.09139	-0.022845	0
1	2554	0.091517	-0.022849	0
1	2555	0.091644	-0.022853	0
1	2556	0.091772	-0.022857	0
1	2557	0.091899	-0.02286	0
1	2558	0.092026	-0.022864	0
1	2559	0.092153	-0.022868	0
1	2560	0.09228	-0.022871	0
1	2561	0.092407	-0.022494	0
1	2562	0.092534	-0.02237	0
1	2563	0.092661	-0.022628	0
1	2564	0.092788	-0.022377	0
1	2565	0.092916	-0.022381	0
1	2566	0.093043	-0.022384	0
1	2567	0.09317	-0.022388	0
1	2568	0.093297	-0.022391	0
1	2569	0.093424	-0.022395	0
1	2570	0.093551	-0.022398	0
1	2571	0.093678	-0.022402	0
1	2572	0.093805	-0.022405	0
1	2573	0.093932	-0.022408	0
1	2574	0.09406	-0.022412	0
1	2575	0.094187	-0.022415	0
1	2576	0.094314	-0.022419	0
1	2577	0.094441	-0.022422	0
1	2578	0.094568	-0.022425	0
1	2579	0.094695	-0.022428	0
1	2580	0.094822	-0.022432	0
1	2581	0.094949	-0.022435	0
1	2582	0.095076	-0.022438	0
1	2583	0.095203	-0.022441	0
1	2584	0.095331	-0.022444	0
1	2585	0.095458	-0.022448	0
1	2586	0.095585	-0.022451	0
1	2587	0.095712	-0.022454	0
1	2588	0.095839	-0.022457	0
1	2589	0.095966	-0.02246	0
1	2590	0.096093	-0.022463	0
1	2591	0.09622	-0.022466	0
1	2592	0.096347	-0.022469	0
1	2593	0.096475	-0.022345	0
1	2594	0.096602	-0.022221	0
1	2595	0.096729	-0.022224	0
1	2596	0.096856	-0.0221	0
1	2597	0.096983	-0.021975	0
1	2598	0.09711	-0.021978	0
1	2599	0.097237	-0.021981	0
1	2600	0.097364	-0.021857	0
1	2601	0.097491	-0.021733	0
1	2602	0.097619	-0.021735	0
1	2603	0.097746	-0.021611	0
1	2604	0.097873	-0.021487	0
1	2605	0.098	-0.021489	0
1	2606	0.098127	-0.021492	0
1	2607	0.098254	-0.021495	0
1	2608	0.098381	-0.021498	0
1	2609	0.098508	-0.0215	0
1	2610	0.098635	-0.021503	0
1	2611	0.098763	-0.021506	0
1	2612	0.09889	-0.021508	0
1	2613	0.099017	-0.021511	0
1	2614	0.099144	-0.021513	0
1	2615	0.099271	-0.021516	0
1	2616	0.099398	-0.021518	0
1	2617	0.099525	-0.021521	0
1	2618	0.099652	-0.021523	0
1	2619	0.099779	-0.021526	0
1	2620	0.099906	-0.021528	0
1	2621	0.100034	-0.021531	0
1	2622	0.100161	-0.021533	0
1	2623	0.100288	-0.021536	0
1	2624	0.100415	-0.021538	0
1	2625	0.100542	-0.02154	0
1	2626	0.100669	-0.021543	0
1	2627	0.100796	-0.021545	0
1	2628	0.100923	-0.021547	0
1	2629	0.10105	-0.02155	0
1	2630	0.101178	-0.021552	0
1	2631	0.101305	-0.021554	0
1	2632	0.101432	-0.021556	0
1	2633	0.101559	-0.021431	0
1	2634	0.101686	-0.021433	0
1	2635	0.101813	-0.021309	0
1	2636	0.10194	-0.021311	0
1	2637	0.102067	-0.021186	0
1	2638	0.102194	-0.021188	0
1	2639	0.102322	-0.021063	0
1	2640	0.102449	-0.021065	0
1	2641	0.102576	-0.021067	0
1	2642	0.102703	-0.021069	0
1	2643	0.10283	-0.021071	0
1	2644	0.102957	-0.021073	0
1	2645	0.103084	-0.021075	0
1	2646	0.103211	-0.021077	0
1	2647	0.103338	-0.021079	0
1	2648	0.103465	-0.021081	0
1	2649	0.103593	-0.021082	0
1	2650	0.10372	-0.021084	0
1	2651	0.103847	-0.021086	0
1	2652	0.103974	-0.021088	0
1	2653	0.104101	-0.02109	0
1	2654	0.104228	-0.021091	0
1	2655	0.104355	-0.021093	0
1	2656	0.104482	-0.021095	0
1	2657	0.104609	-0.021097	0
1	2658	0.104737	-0.020971	0
1	2659	0.104864	-0.0211	0
1	2660	0.104991	-0.021102	0
1	2661	0.105118	-0.021103	0
1	2662	0.105245	-0.020978	0
1	2663	0.105372	-0.020725	0
1	2664	0.105499	-0.020727	0
1	2665	0.105626	-0.020856	0
1	2666	0.105753	-0.02073	0
1	2667	0.105881	-0.020731	0
1	2668	0.106008	-0.020733	0
1	2669	0.106135	-0.020734	0
1	2670	0.106262	-0.020736	0
1	2671	0.106389	-0.020737	0
1	2672	0.106516	-0.020739	0
1	2673	0.106643	-0.02074	0
1	2674	0.10677	-0.020742	0
1	2675	0.106897	-0.020743	0
1	2676	0.107024	-0.020744	0
1	2677	0.107152	-0.020746	0
1	2678	0.107279	-0.020747	0
1	2679	0.107406	-0.020748	0
1	2680	0.107533	-0.020749	0
1	2681	0.10766	-0.020751	0
1	2682	0.107787	-0.020752	0
1	2683	0.107914	-0.020753	0
1	2684	0.108041	-0.020754	0
1	2685	0.108168	-0.020755	0
1	2686	0.108296	-0.020757	0
1	2687	0.108423	-0.020758	0
1	2688	0.10855	-0.020759	0
1	2689	0.108677	-0.02076	0
1	2690	0.108804	-0.020761	0
1	2691	0.108931	-0.020635	0
1	2692	0.109058	-0.020636	0
1	2693	0.109185	-0.020637	0
1	2694	0.109312	-0.020638	0
1	2695	0.10944	-0.020512	0
1	2696	0.109567	-0.020513	0
1	2697	0.109694	-0.020514	0
1	2698	0.109821	-0.020514	0
1	2699	0.109948	-0.020515	0
1	2700	0.110075	-0.020389	0
1	2701	0.110202	-0.02039	0
1	2702	0.110329	-0.020391	0
1	2703	0.110456	-0.020264	0
1	2704	0.110583	-0.020138	0
1	2705	0.110711	-0.020012	0
1	2706	0.110838	-0.020013	0
1	2707	0.110965	-0.019886	0
1	2708	0.111092	-0.01976	0
1	2709	0.111219	-0.01976	0
1	2710	0.111346	-0.019761	0
1	2711	0.111473	-0.019762	0
1	2712	0.1116	-0.019762	0
1	2713	0.111727	-0.019763	0
1	2714	0.111855	-0.019764	0
1	2715	0.111982	-0.019764	0
1	2716	0.112109	-0.019765	0
1	2717	0.112236	-0.019765	0
1	2718	0.112363	-0.019766	0
1	2719	0.11249	-0.019766	0
1	2720	0.112617	-0.019767	0
1	2721	0.112744	-0.019767	0
1	2722	0.112871	-0.019768	0
1	2723	0.112999	-0.019641	0
1	2724	0.113126	-0.019514	0
1	2725	0.113253	-0.019515	0
1	2726	0.11338	-0.019388	0
1	2727	0.113507	-0.019261	0
1	2728	0.113634	-0.019261	0
1	2729	0.113761	-0.019262	0
1	2730	0.113888	-0.019262	0
1	2731	0.114015	-0.019262	0
1	2732	0.114143	-0.019262	0
1	2733	0.11427	-0.019263	0
1	2734	0.114397	-0.019263	0
1	2735	0.114524	-0.019263	0
1	2736	0.114651	-0.019263	0
1	2737	0.114778	-0.019263	0
1	2738	0.114905	-0.019263	0
1	2739	0.115032	-0.019263	0
1	2740	0.115159	-0.019263	0
1	2741	0.115286	-0.019263	0
1	2742	0.115414	-0.018882	0
1	2743	0.115541	-0.018755	0
1	2744	0.115668	-0.018755	0
1	2745	0.115795	-0.018882	0
1	2746	0.115922	-0.018755	0
1	2747	0.116049	-0.018755	0
1	2748	0.116176	-0.018755	0
1	2749	0.116303	-0.018755	0
1	2750	0.11643	-0.018755	0
1	2751	0.116558	-0.018754	0
1	2752	0.116685	-0.018754	0
1	2753	0.116812	-0.018754	0
1	2754	0.116939	-0.018754	0
1	2755	0.117066	-0.018754	0
1	2756	0.117193	-0.018753	0
1	2757	0.11732	-0.018753	0
1	2758	0.117447	-0.018753	0
1	2759	0.117574	-0.018753	0
1	2760	0.117702	-0.018752	0
1	2761	0.117829	-0.018752	0
1	2762	0.117956	-0.018624	0
1	2763	0.118083	-0.018497	0
1	2764	0.11821	-0.018496	0
1	2765	0.118337	-0.018369	0
1	2766	0.118464	-0.018241	0
1	2767	0.118591	-0.018241	0
1	2768	0.118718	-0.01824	0
1	2769	0.118845	-0.01824	0
1	2770	0.118973	-0.018239	0
1	2771	0.1191	-0.018239	0
1	2772	0.119227	-0.018238	0
1	2773	0.119354	-0.018238	0
1	2774	0.119481	-0.018237	0
1	2775	0.119608	-0.018236	0
1	2776	0.119735	-0.018236	0
1	2777	0.119862	-0.018235	0
1	2778	0.119989	-0.018234	0
1	2779	0.120117	-0.018234	0
1	2780	0.120244	-0.018233	0
1	2781	0.120371	-0.018105	0
1	2782	0.120498	-0.017977	0
1	2783	0.120625	-0.017977	0
1	2784	0.120752	-0.017849	0
1	2785	0.120879	-0.017721	0
1	2786	0.121006	-0.01772	0
1	2787	0.121133	-0.017719	0
1	2788	0.121261	-0.017718	0
1	2789	0.121388	-0.017717	0
1	2790	0.121515	-0.017716	0
1	2791	0.121642	-0.017715	0
1	2792	0.121769	-0.017714	0
1	2793	0.121896	-0.017713	0
1	2794	0.122023	-0.017712	0
1	2795	0.12215	-0.017711	0
1	2796	0.122277	-0.01771	0
1	2797	0.122404	-0.017709	0
1	2798	0.122532	-0.017708	0
1	2799	0.122659	-0.017707	0
1	2800	0.122786	-0.017706	0
1	2801	0.122913	-0.017705	0
1	2802	0.12304	-0.017704	0
1	2803	0.123167	-0.017702	0
1	2804	0.123294	-0.017701	0
1	2805	0.123421	-0.0177	0
1	2806	0.123548	-0.017699	0
1	2807	0.123676	-0.017698	0
1	2808	0.123803	-0.017315	0
1	2809	0.12393	-0.017314	0
1	2810	0.124057	-0.017312	0
1	2811	0.124184	-0.017311	0
1	2812	0.124311	-0.01731	0
1	2813	0.124438	-0.017308	0
1	2814	0.124565	-0.017307	0
1	2815	0.124692	-0.017305	0
1	2816	0.12482	-0.017304	0
1	2817	0.124947	-0.017303	0
1	2818	0.125074	-0.017174	0
1	2819	0.125201	-0.017172	0
1	2820	0.125328	-0.017171	0
1	2821	0.125455	-0.017042	0
1	2822	0.125582	-0.017041	0
1	2823	0.125709	-0.017039	0
1	2824	0.125836	-0.01691	0
1	2825	0.125964	-0.016909	0
1	2826	0.126091	-0.016907	0
1	2827	0.126218	-0.016778	0
1	2828	0.126345	-0.016777	0
1	2829	0.126472	-0.016775	0
1	2830	0.126599	-0.016773	0
1	2831	0.126726	-0.016772	0
1	2832	0.126853	-0.01677	0
1	2833	0.12698	-0.016768	0
1	2834	0.127107	-0.016766	0
1	2835	0.127235	-0.016637	0
1	2836	0.127362	-0.016635	0
1	2837	0.127489	-0.016634	0
1	2838	0.127616	-0.016632	0
1	2839	0.127743	-0.01663	0
1	2840	0.12787	-0.016628	0
1	2841	0.127997	-0.016499	0
1	2842	0.128124	-0.016624	0
1	2843	0.128251	-0.016495	0
1	2844	0.128379	-0.016493	0
1	2845	0.128506	-0.016491	0
1	2846	0.128633	-0.016489	0
1	2847	0.12876	-0.016487	0
1	2848	0.128887	-0.016485	0
1	2849	0.129014	-0.016483	0
1	2850	0.129141	-0.016481	0
1	2851	0.129268	-0.016478	0
1	2852	0.129395	-0.016476	0
1	2853	0.129523	-0.016474	0
1	2854	0.12965	-0.016345	0
1	2855	0.129777	-0.016215	0
1	2856	0.129904	-0.015959	0
1	2857	0.130031	-0.01583	0
1	2858	0.130158	-0.0157	0
1	2859	0.130285	-0.015698	0
1	2860	0.130412	-0.015696	0
1	2861	0.130539	-0.015693	0
1	2862	0.130666	-0.015691	0
1	2863	0.130794	-0.015689	0
1	2864	0.130921	-0.015686	0
1	2865	0.131048	-0.015684	0
1	2866	0.131175	-0.015681	0
1	2867	0.131302	-0.015679	0
1	2868	0.131429	-0.015676	0
1	2869	0.131556	-0.015674	0
1	2870	0.131683	-0.015671	0
1	2871	0.13181	-0.015669	0
1	2872	0.131938	-0.015666	0
1	2873	0.132065	-0.015664	0
1	2874	0.132192	-0.015661	0
1	2875	0.132319	-0.015659	0
1	2876	0.132446	-0.015656	0
1	2877	0.132573	-0.015526	0
1	2878	0.1327	-0.015142	0
1	2879	0.132827	-0.015139	0
1	2880	0.132954	-0.015264	0
1	2881	0.133082	-0.015134	0
1	2882	0.133209	-0.015131	0
1	2883	0.133336	-0.015129	0
1	2884	0.133463	-0.015253	0
1	2885	0.13359	-0.015377	0
1	2886	0.133717	-0.015374	0
1	2887	0.133844	-0.015499	0
1	2888	0.133971	-0.015623	0
1	2889	0.134098	-0.01562	0
1	2890	0.134225	-0.015617	0
1	2891	0.134353	-0.015614	0
1	2892	0.13448	-0.015484	0
1	2893	0.134607	-0.015481	0
1	2894	0.134734	-0.015478	0
1	2895	0.134861	-0.015475	0
1	2896	0.134988	-0.015472	0
1	2897	0.135115	-0.015469	0
1	2898	0.135242	-0.015339	0
1	2899	0.135369	-0.015336	0
1	2900	0.135497	-0.015333	0
1	2901	0.135624	-0.015329	0
1	2902	0.135751	-0.015199	0
1	2903	0.135878	-0.015196	0
1	2904	0.136005	-0.015193	0
1	2905	0.136132	-0.01519	0
1	2906	0.136259	-0.015059	0
1	2907	0.136386	-0.015056	0
1	2908	0.136513	-0.015053	0
1	2909	0.136641	-0.015049	0
1	2910	0.136768	-0.015046	0
1	2911	0.136895	-0.015043	0
1	2912	0.137022	-0.014912	0
1	2913	0.137149	-0.014909	0
1	2914	0.137276	-0.014906	0
1	2915	0.137403	-0.014902	0
1	2916	0.13753	-0.014899	0
1	2917	0.137657	-0.014895	0
1	2918	0.137784	-0.012858	0
1	2919	0.137912	-0.014888	0
1	2920	0.138039	-0.012724	0
1	2921	0.138166	-0.012593	0
1	2922	0.138293	-0.014751	0
1	2923	0.13842	-0.012586	0
1	2924	0.138547	-0.014744	0
1	2925	0.138674	-0.01474	0
1	2926	0.138801	-0.014736	0
1	2927	0.138928	-0.012572	0
1	2928	0.139056	-0.014602	0
1	2929	0.139183	-0.014598	0
1	2930	0.13931	-0.014595	0
1	2931	0.139437	-0.012557	0
1	2932	0.139564	-0.012553	0
1	2933	0.139691	-0.01255	0
1	2934	0.139818	-0.012673	0
1	2935	0.139945	-0.012669	0
1	2936	0.140072	-0.014445	0
1	2937	0.1402	-0.012534	0
1	2938	0.140327	-0.01253	0
1	2939	0.140454	-0.012654	0
1	2940	0.140581	-0.01265	0
1	2941	0.140708	-0.012519	0
1	2942	0.140835	-0.014294	0
1	2943	0.140962	-0.012511	0
1	2944	0.141089	-0.012634	0
1	2945	0.141216	-0.014282	0
1	2946	0.141344	-0.014151	0
1	2947	0.141471	-0.012495	0
1	2948	0.141598	-0.012745	0
1	2949	0.141725	-0.014139	0
1	2950	0.141852	-0.012483	0
1	2951	0.141979	-0.012606	0
1	2952	0.142106	-0.014127	0
1	2953	0.142233	-0.014123	0
1	2954	0.14236	-0.012466	0
1	2955	0.142487	-0.012589	0
1	2956	0.142615	-0.01411	0
1	2957	0.142742	-0.014106	0
1	2958	0.142869	-0.012449	0
1	2959	0.142996	-0.012572	0
1	2960	0.143123	-0.01244	0
1	2961	0.14325	-0.012436	0
1	2962	0.143377	-0.012559	0
1	2963	0.143504	-0.012555	0
1	2964	0.143631	-0.013948	0
1	2965	0.143759	-0.012546	0
1	2966	0.143886	-0.012414	0
1	2967	0.144013	-0.01241	0
1	2968	0.14414	-0.013931	0
1	2969	0.144267	-0.012528	0
1	2970	0.144394	-0.012396	0
1	2971	0.144521	-0.012519	0
1	2972	0.144648	-0.012514	0
1	2973	0.144775	-0.01251	0
1	2974	0.144903	-0.012378	0
1	2975	0.14503	-0.013899	0
1	2976	0.145157	-0.013894	0
1	2977	0.145284	-0.012364	0
1	2978	0.145411	-0.013758	0
1	2979	0.145538	-0.013753	0
1	2980	0.145665	-0.012477	0
1	2981	0.145792	-0.012346	0
1	2982	0.145919	-0.013739	0
1	2983	0.146046	-0.012336	0
1	2984	0.146174	-0.012331	0
1	2985	0.146301	-0.013725	0
1	2986	0.146428	-0.012322	0
1	2987	0.146555	-0.013715	0
1	2988	0.146682	-0.012312	0
1	2989	0.146809	-0.012434	0
1	2990	0.146936	-0.013573	0
1	2991	0.147063	-0.012297	0
1	2992	0.14719	-0.012292	0
1	2993	0.147318	-0.012415	0
1	2994	0.147445	-0.013426	0
1	2995	0.147572	-0.013421	0
1	2996	0.147699	-0.012272	0
1	2997	0.147826	-0.013411	0
1	2998	0.147953	-0.013406	0
1	2999	0.14808	-0.012257	0
1	3000	0.148207	-0.012252	0
1	3001	0.148334	-0.012247	0
1	3002	0.148462	-0.012369	0
1	3003	0.148589	-0.012364	0
1	3004	0.148716	-0.013248	0
1	3005	0.148843	-0.012354	0
1	3006	0.14897	-0.013238	0
1	3007	0.149097	-0.01336	0
1	3008	0.149224	-0.013355	0
1	3009	0.149351	-0.013222	0
1	3010	0.149478	-0.0122	0
1	3011	0.149605	-0.012322	0
1	3012	0.149733	-0.012189	0
1	3013	0.14986	-0.013201	0
1	3014	0.149987	-0.012179	0
1	3015	0.150114	-0.012173	0
1	3016	0.150241	-0.012168	0
1	3017	0.150368	-0.013179	0
1	3018	0.150495	-0.013174	0
1	3019	0.150622	-0.012152	0
1	3020	0.150749	-0.012273	0
1	3021	0.150877	-0.013157	0
1	3022	0.151004	-0.012262	0
1	3023	0.151131	-0.013019	0
1	3024	0.151258	-0.013014	0
1	3025	0.151385	-0.012118	0
1	3026	0.151512	-0.012113	0
1	3027	0.151639	-0.012361	0
1	3028	0.151766	-0.012991	0
1	3029	0.151893	-0.012986	0
1	3030	0.152021	-0.01209	0
1	3031	0.152148	-0.012211	0
1	3032	0.152275	-0.012714	0
1	3033	0.152402	-0.012073	0
1	3034	0.152529	-0.012576	0
1	3035	0.152656	-0.01257	0
1	3036	0.152783	-0.012056	0
1	3037	0.15291	-0.01205	0
1	3038	0.153037	-0.012044	0
1	3039	0.153164	-0.012292	0
1	3040	0.153292	-0.012032	0
1	3041	0.153419	-0.012789	0
1	3042	0.153546	-0.01202	0
1	3043	0.153673	-0.012014	0
1	3044	0.1538	-0.012771	0
1	3045	0.153927	-0.012638	0
1	3046	0.154054	-0.012632	0
1	3047	0.154181	-0.012626	0
1	3048	0.154308	-0.011984	0
1	3049	0.154436	-0.011978	0
1	3050	0.154563	-0.012608	0
1	3051	0.15469	-0.012474	0
1	3052	0.154817	-0.012468	0
1	3053	0.154944	-0.011954	0
1	3054	0.155071	-0.012202	0
1	3055	0.155198	-0.011941	0
1	3056	0.155325	-0.011935	0
1	3057	0.155452	-0.011929	0
1	3058	0.15558	-0.011923	0
1	3059	0.155707	-0.011916	0
1	3060	0.155834	-0.01191	0
1	3061	0.155961	-0.011904	0
1	3062	0.156088	-0.011898	0
1	3063	0.156215	-0.011891	0
1	3064	0.156342	-0.011885	0
1	3065	0.156469	-0.011878	0
1	3066	0.156596	-0.011872	0
1	3067	0.156724	-0.011866	0
1	3068	0.156851	-0.011859	0
1	3069	0.156978	-0.011853	0
1	3070	0.157105	-0.011846	0
1	3071	0.157232	-0.01184	0
1	3072	0.157359	-0.011833	0
1	3073	0.157486	-0.00992	0
1	3074	0.157613	-0.01182	0
1	3075	0.15774	-0.011813	0
1	3076	0.157867	-0.011807	0
1	3077	0.157995	-0.0118	0
1	3078	0.158122	-0.009887	0
1	3079	0.158249	-0.011787	0
1	3080	0.158376	-0.008857	0
1	3081	0.158503	-0.00885	0
1	3082	0.15863	-0.011767	0
1	3083	0.158757	-0.009853	0
1	3084	0.158884	-0.011753	0
1	3085	0.159011	-0.008823	0
1	3086	0.159139	-0.009833	0
1	3087	0.159266	-0.009953	0
1	3088	0.159393	-0.008803	0
1	3089	0.15952	-0.011465	0
1	3090	0.159647	-0.009806	0
1	3091	0.159774	-0.008782	0
1	3092	0.159901	-0.008775	0
1	3093	0.160028	-0.009785	0
1	3094	0.160155	-0.009778	0
1	3095	0.160283	-0.009898	0
1	3096	0.16041	-0.009764	0
1	3097	0.160537	-0.009757	0
1	3098	0.160664	-0.011148	0
1	3099	0.160791	-0.009743	0
1	3100	0.160918	-0.009736	0
1	3101	0.161045	-0.011254	0
1	3102	0.161172	-0.009213	0
1	3103	0.161299	-0.009714	0
1	3104	0.161426	-0.009834	0
1	3105	0.161554	-0.011225	0
1	3106	0.161681	-0.009312	0
1	3107	0.161808	-0.009813	0
1	3108	0.161935	-0.011204	0
1	3109	0.162062	-0.009671	0
1	3110	0.162189	-0.009155	0
1	3111	0.162316	-0.009784	0
1	3112	0.162443	-0.009141	0
1	3113	0.16257	-0.009134	0
1	3114	0.162698	-0.009635	0
1	3115	0.162825	-0.009627	0
1	3116	0.162952	-0.009111	0
1	3117	0.163079	-0.009612	0
1	3118	0.163206	-0.009224	0
1	3119	0.163333	-0.009089	0
1	3120	0.16346	-0.009082	0
1	3121	0.163587	-0.010981	0
1	3122	0.163714	-0.009067	0
1	3123	0.163842	-0.010966	0
1	3124	0.163969	-0.009687	0
1	3125	0.164096	-0.009044	0
1	3126	0.164223	-0.009163	0
1	3127	0.16435	-0.009537	0
1	3128	0.164477	-0.009529	0
1	3129	0.164604	-0.010412	0
1	3130	0.164731	-0.010404	0
1	3131	0.164858	-0.009506	0
1	3132	0.164985	-0.010388	0
1	3133	0.165113	-0.009491	0
1	3134	0.16524	-0.008466	0
1	3135	0.165367	-0.009603	0
1	3136	0.165494	-0.009468	0
1	3137	0.165621	-0.008443	0
1	3138	0.165748	-0.008435	0
1	3139	0.165875	-0.008427	0
1	3140	0.166002	-0.009436	0
1	3141	0.166129	-0.00892	0
1	3142	0.166257	-0.00942	0
1	3143	0.166384	-0.010175	0
1	3144	0.166511	-0.008388	0
1	3145	0.166638	-0.008888	0
1	3146	0.166765	-0.009007	0
1	3147	0.166892	-0.009381	0
1	3148	0.167019	-0.009881	0
1	3149	0.167146	-0.008348	0
1	3150	0.167273	-0.008975	0
1	3151	0.167401	-0.009348	0
1	3152	0.167528	-0.008959	0
1	3153	0.167655	-0.008824	0
1	3154	0.167782	-0.009324	0
1	3155	0.167909	-0.008807	0
1	3156	0.168036	-0.009435	0
1	3157	0.168163	-0.009426	0
1	3158	0.16829	-0.007766	0
1	3159	0.168417	-0.00941	0
1	3160	0.168545	-0.009275	0
1	3161	0.168672	-0.008758	0
1	3162	0.168799	-0.008241	0
1	3163	0.168926	-0.007724	0
1	3164	0.169053	-0.007716	0
1	3165	0.16918	-0.008725	0
1	3166	0.169307	-0.008843	0
1	3167	0.169434	-0.009216	0
1	3168	0.169561	-0.007682	0
1	3169	0.169688	-0.007674	0
1	3170	0.169816	-0.009191	0
1	3171	0.169943	-0.007657	0
1	3172	0.17007	-0.008157	0
1	3173	0.170197	-0.009674	0
1	3174	0.170324	-0.00814	0
1	3175	0.170451	-0.009657	0
1	3176	0.170578	-0.00825	0
1	3177	0.170705	-0.008114	0
1	3178	0.170832	-0.009631	0
1	3179	0.17096	-0.008732	0
1	3180	0.171087	-0.009613	0
1	3181	0.171214	-0.007571	0
1	3182	0.171341	-0.008706	0
1	3183	0.171468	-0.007554	0
1	3184	0.171595	-0.007672	0
1	3185	0.171722	-0.009316	0
1	3186	0.171849	-0.008544	0
1	3187	0.171976	-0.009298	0
1	3188	0.172104	-0.00751	0
1	3189	0.172231	-0.008009	0
1	3190	0.172358	-0.008509	0
1	3191	0.172485	-0.0085	0
1	3192	0.172612	-0.007983	0
1	3193	0.172739	-0.007465	0
1	3194	0.172866	-0.008219	0
1	3195	0.172993	-0.007574	0
1	3196	0.17312	-0.008074	0
1	3197	0.173247	-0.007429	0
1	3198	0.173375	-0.008437	0
1	3199	0.173502	-0.00792	0
1	3200	0.173629	-0.007911	0
1	3201	0.173756	-0.00841	0
1	3202	0.173883	-0.008019	0
1	3203	0.17401	-0.008519	0
1	3204	0.174137	-0.008001	0
1	3205	0.174264	-0.007865	0
1	3206	0.174391	-0.007347	0
1	3207	0.174519	-0.007974	0
1	3208	0.174646	-0.007837	0
1	3209	0.174773	-0.007828	0
1	3210	0.1749	-0.00731	0
1	3211	0.175027	-0.007937	0
1	3212	0.175154	-0.0078	0
1	3213	0.175281	-0.007282	0
1	3214	0.175408	-0.007782	0
1	3215	0.175535	-0.007391	0
1	3216	0.175663	-0.007254	0
1	3217	0.17579	-0.007245	0
1	3218	0.175917	-0.007363	0
1	3219	0.176044	-0.008243	0
1	3220	0.176171	-0.008233	0
1	3221	0.176298	-0.007207	0
1	3222	0.176425	-0.007325	0
1	3223	0.176552	-0.007697	0
1	3224	0.176679	-0.007687	0
1	3225	0.176806	-0.007677	0
1	3226	0.176934	-0.007795	0
1	3227	0.177061	-0.008167	0
1	3228	0.177188	-0.00714	0
1	3229	0.177315	-0.007766	0
1	3230	0.177442	-0.007756	0
1	3231	0.177569	-0.00762	0
1	3232	0.177696	-0.007229	0
1	3233	0.177823	-0.007219	0
1	3234	0.17795	-0.007718	0
1	3235	0.178078	-0.007581	0
1	3236	0.178205	-0.007571	0
1	3237	0.178332	-0.007561	0
1	3238	0.178459	-0.00717	0
1	3239	0.178586	-0.00805	0
1	3240	0.178713	-0.00804	0
1	3241	0.17884	-0.007522	0
1	3242	0.178967	-0.007639	0
1	3243	0.179094	-0.007502	0
1	3244	0.179222	-0.007492	0
1	3245	0.179349	-0.007101	0
1	3246	0.179476	-0.006964	0
1	3247	0.179603	-0.006954	0
1	3248	0.17973	-0.007071	0
1	3249	0.179857	-0.007569	0
1	3250	0.179984	-0.007432	0
1	3251	0.180111	-0.006913	0
1	3252	0.180238	-0.00703	0
1	3253	0.180365	-0.007529	0
1	3254	0.180493	-0.00701	0
1	3255	0.18062	-0.007	0
1	3256	0.180747	-0.006863	0
1	3257	0.180874	-0.007869	0
1	3258	0.181001	-0.006969	0
1	3259	0.181128	-0.00734	0
1	3260	0.181255	-0.007457	0
1	3261	0.181382	-0.006939	0
1	3262	0.181509	-0.006801	0
1	3263	0.181637	-0.006791	0
1	3264	0.181764	-0.007416	0
1	3265	0.181891	-0.007787	0
1	3266	0.182018	-0.007268	0
1	3267	0.182145	-0.006877	0
1	3268	0.182272	-0.007375	0
1	3269	0.182399	-0.007237	0
1	3270	0.182526	-0.006718	0
1	3271	0.182653	-0.007724	0
1	3272	0.182781	-0.006824	0
1	3273	0.182908	-0.007703	0
1	3274	0.183035	-0.006803	0
1	3275	0.183162	-0.007301	0
1	3276	0.183289	-0.007163	0
1	3277	0.183416	-0.006771	0
1	3278	0.183543	-0.006761	0
1	3279	0.18367	-0.00764	0
1	3280	0.183797	-0.007629	0
1	3281	0.183925	-0.006729	0
1	3282	0.184052	-0.006591	0
1	3283	0.184179	-0.007089	0
1	3284	0.184306	-0.007714	0
1	3285	0.184433	-0.007067	0
1	3286	0.18456	-0.007311	0
1	3287	0.184687	-0.006919	0
1	3288	0.184814	-0.008052	0
1	3289	0.184941	-0.007024	0
1	3290	0.185068	-0.007013	0
1	3291	0.185196	-0.007129	0
1	3292	0.185323	-0.008263	0
1	3293	0.18545	-0.008252	0
1	3294	0.185577	-0.007605	0
1	3295	0.185704	-0.007086	0
1	3296	0.185831	-0.007202	0
1	3297	0.185958	-0.006937	0
1	3298	0.186085	-0.007943	0
1	3299	0.186212	-0.007042	0
1	3300	0.18634	-0.007158	0
1	3301	0.186467	-0.008799	0
1	3302	0.186594	-0.007898	0
1	3303	0.186721	-0.007506	0
1	3304	0.186848	-0.00813	0
1	3305	0.186975	-0.008119	0
1	3306	0.187102	-0.007727	0
1	3307	0.187229	-0.00797	0
1	3308	0.187356	-0.008721	0
1	3309	0.187484	-0.00871	0
1	3310	0.187611	-0.008699	0
1	3311	0.187738	-0.008687	0
1	3312	0.187865	-0.008676	0
1	3313	0.187992	-0.008665	0
1	3314	0.188119	-0.00878	0
1	3315	0.188246	-0.008896	0
1	3316	0.188373	-0.008885	0
1	3317	0.1885	-0.009001	0
1	3318	0.188627	-0.009116	0
1	3319	0.188755	-0.009105	0
1	3320	0.188882	-0.009093	0
1	3321	0.189009	-0.009082	0
1	3322	0.189136	-0.009198	0
1	3323	0.189263	-0.009313	0
1	3324	0.18939	-0.009302	0
1	3325	0.189517	-0.009417	0
1	3326	0.189644	-0.009533	0
1	3327	0.189771	-0.009521	0
1	3328	0.189899	-0.00951	0
1	3329	0.190026	-0.009498	0
1	3330	0.190153	-0.009486	0
1	3331	0.19028	-0.009475	0
1	3332	0.190407	-0.009463	0
1	3333	0.190534	-0.009451	0
1	3334	0.190661	-0.009439	0
1	3335	0.190788	-0.009428	0
1	3336	0.190915	-0.009797	0
1	3337	0.191043	-0.009404	0
1	3338	0.19117	-0.009519	0
1	3339	0.191297	-0.010016	0
1	3340	0.191424	-0.009369	0
1	3341	0.191551	-0.009865	0
1	3342	0.191678	-0.009853	0
1	3343	0.191805	-0.009333	0
1	3344	0.191932	-0.009575	0
1	3345	0.192059	-0.009818	0
1	3346	0.192186	-0.009424	0
1	3347	0.192314	-0.009539	0
1	3348	0.192441	-0.009527	0
1	3349	0.192568	-0.00977	0
1	3350	0.192695	-0.009758	0
1	3351	0.192822	-0.009745	0
1	3352	0.192949	-0.009733	0
1	3353	0.193076	-0.009721	0
1	3354	0.193203	-0.009709	0
1	3355	0.19333	-0.009697	0
1	3356	0.193458	-0.009685	0
1	3357	0.193585	-0.009673	0
1	3358	0.193712	-0.00966	0
1	3359	0.193839	-0.009648	0
1	3360	0.193966	-0.009636	0
1	3361	0.194093	-0.009624	0
1	3362	0.19422	-0.009611	0
1	3363	0.194347	-0.009599	0
1	3364	0.194474	-0.009587	0
1	3365	0.194602	-0.009574	0
1	3366	0.194729	-0.009562	0
1	3367	0.194856	-0.00955	0
1	3368	0.194983	-0.009537	0
1	3369	0.19511	-0.009525	0
1	3370	0.195237	-0.009512	0
1	3371	0.195364	-0.0095	0
1	3372	0.195491	-0.009487	0
1	3373	0.195618	-0.009475	0
1	3374	0.195746	-0.009462	0
1	3375	0.195873	-0.00945	0
1	3376	0.196	-0.00931	0
1	3377	0.196127	-0.009171	0
1	3378	0.196254	-0.009158	0
1	3379	0.196381	-0.009018	0
1	3380	0.196508	-0.008878	0
1	3381	0.196635	-0.008866	0
1	3382	0.196762	-0.008853	0
1	3383	0.196889	-0.00884	0
1	3384	0.197017	-0.008828	0
1	3385	0.197144	-0.008815	0
1	3386	0.197271	-0.008802	0
1	3387	0.197398	-0.008789	0
1	3388	0.197525	-0.008777	0
1	3389	0.197652	-0.008764	0
1	3390	0.197779	-0.008751	0
1	3391	0.197906	-0.008738	0
1	3392	0.198033	-0.008725	0
1	3393	0.198161	-0.008712	0
1	3394	0.198288	-0.008699	0
1	3395	0.198415	-0.008686	0
1	3396	0.198542	-0.008673	0
1	3397	0.198669	-0.008661	0
1	3398	0.198796	-0.008648	0
1	3399	0.198923	-0.008507	0
1	3400	0.19905	-0.008367	0
1	3401	0.199177	-0.008354	0
1	3402	0.199305	-0.008214	0
1	3403	0.199432	-0.008074	0
1	3404	0.199559	-0.008061	0
1	3405	0.199686	-0.008048	0
1	3406	0.199813	-0.008034	0
1	3407	0.19994	-0.008021	0
1	3408	0.200067	-0.008008	0
1	3409	0.200194	-0.007995	0
1	3410	0.200321	-0.007982	0
1	3411	0.200448	-0.007968	0
1	3412	0.200576	-0.007955	0
1	3413	0.200703	-0.007942	0
1	3414	0.20083	-0.007801	0
1	3415	0.200957	-0.007788	0
1	3416	0.201084	-0.007902	0
1	3417	0.201211	-0.007888	0
1	3418	0.201338	-0.007367	0
1	3419	0.201465	-0.007607	0
1	3420	0.201592	-0.007848	0
1	3421	0.20172	-0.007835	0
1	3422	0.201847	-0.007821	0
1	3423	0.201974	-0.007808	0
1	3424	0.202101	-0.007794	0
1	3425	0.202228	-0.007781	0
1	3426	0.202355	-0.007767	0
1	3427	0.202482	-0.007753	0
1	3428	0.202609	-0.00774	0
1	3429	0.202736	-0.007726	0
1	3430	0.202864	-0.007586	0
1	3431	0.202991	-0.007445	0
1	3432	0.203118	-0.007431	0
1	3433	0.203245	-0.00729	0
1	3434	0.203372	-0.007022	0
1	3435	0.203499	-0.006882	0
1	3436	0.203626	-0.006868	0
1	3437	0.203753	-0.006727	0
1	3438	0.20388	-0.006459	0
1	3439	0.204007	-0.005937	0
1	3440	0.204135	-0.005796	0
1	3441	0.204262	-0.005655	0
1	3442	0.204389	-0.005641	0
1	3443	0.204516	-0.005627	0
1	3444	0.204643	-0.005613	0
1	3445	0.20477	-0.005599	0
1	3446	0.204897	-0.005585	0
1	3447	0.205024	-0.005571	0
1	3448	0.205151	-0.005557	0
1	3449	0.205279	-0.005543	0
1	3450	0.205406	-0.005529	0
1	3451	0.205533	-0.005515	0
1	3452	0.20566	-0.005501	0
1	3453	0.205787	-0.005487	0
1	3454	0.205914	-0.005473	0
1	3455	0.206041	-0.005459	0
1	3456	0.206168	-0.005445	0
1	3457	0.206295	-0.00543	0
1	3458	0.206423	-0.005416	0
1	3459	0.20655	-0.005402	0
1	3460	0.206677	-0.005388	0
1	3461	0.206804	-0.005373	0
1	3462	0.206931	-0.005232	0
1	3463	0.207058	-0.005091	0
1	3464	0.207185	-0.004949	0
1	3465	0.207312	-0.004808	0
1	3466	0.207439	-0.004666	0
1	3467	0.207566	-0.004525	0
1	3468	0.207694	-0.004383	0
1	3469	0.207821	-0.004115	0
1	3470	0.207948	-0.003973	0
1	3471	0.208075	-0.003832	0
1	3472	0.210501	-0.001606	0
1	3473	0.210732	-0.001744	0
1	3474	0.210962	-0.001869	0
1	3475	0.211193	-0.001982	0
1	3476	0.211424	-0.002086	0
1	3477	0.211655	-0.002183	0
1	3478	0.211886	-0.002272	0
1	3479	0.212117	-0.002356	0
1	3480	0.212348	-0.002435	0
1	3481	0.212579	-0.002509	0
1	3482	0.21281	-0.002578	0
1	3483	0.213041	-0.002644	0
1	3484	0.213272	-0.002706	0
1	3485	0.213503	-0.002765	0
1	3486	0.213734	-0.002821	0
1	3487	0.213964	-0.002874	0
1	3488	0.214195	-0.002925	0
1	3489	0.214426	-0.002973	0
1	3490	0.214657	-0.003018	0
1	3491	0.214888	-0.003061	0
1	3492	0.215119	-0.003103	0
1	3493	0.21535	-0.003142	0
1	3494	0.215581	-0.003179	0
1	3495	0.215812	-0.003214	0
1	3496	0.216043	-0.003248	0
1	3497	0.216274	-0.00328	0
1	3498	0.216505	-0.00331	0
1	3499	0.216736	-0.003339	0
1	3500	0.216967	-0.003366	0
1	3501	0.217197	-0.003392	0
1	3502	0.217428	-0.003416	0
1	3503	0.217659	-0.003439	0
1	3504	0.21789	-0.003461	0
1	3505	0.218121	-0.003482	0
1	3506	0.218352	-0.003501	0
1	3507	0.218583	-0.003519	0
1	3508	0.218814	-0.003536	0
1	3509	0.219045	-0.003552	0
1	3510	0.219276	-0.003566	0
1	3511	0.219507	-0.00358	0
1	3512	0.219738	-0.003593	0
1	3513	0.219969	-0.003605	0
1	3514	0.220199	-0.003615	0
1	3515	0.22043	-0.003625	0
1	3516	0.220661	-0.003634	0
1	3517	0.220892	-0.003642	0
1	3518	0.221123	-0.003649	0
1	3519	0.221354	-0.003655	0
1	3520	0.221585	-0.003661	0
1	3521	0.221816	-0.003665	0
1	3522	0.222047	-0.003669	0
1	3523	0.222278	-0.003672	0
1	3524	0.222509	-0.003674	0
1	3525	0.22274	-0.003676	0
1	3526	0.222971	-0.003677	0
1	3527	0.223201	-0.003677	0
1	3528	0.223432	-0.003676	0
1	3529	0.223663	-0.003675	0
1	3530	0.223894	-0.003673	0
1	3531	0.224125	-0.00367	0
1	3532	0.224356	-0.003667	0
1	3533	0.224587	-0.003663	0
1	3534	0.224818	-0.003659	0
1	3535	0.225049	-0.003653	0
1	3536	0.22528	-0.003648	0
1	3537	0.225511	-0.003641	0
1	3538	0.225742	-0.003635	0
1	3539	0.225973	-0.003627	0
1	3540	0.226203	-0.003619	0
1	3541	0.226434	-0.003611	0
1	3542	0.226665	-0.003602	0
1	3543	0.226896	-0.003592	0
1	3544	0.227127	-0.003582	0
1	3545	0.227358	-0.003572	0
1	3546	0.227589	-0.00356	0
1	3547	0.22782	-0.003549	0
1	3548	0.228051	-0.003537	0
1	3549	0.228282	-0.003525	0
1	3550	0.228513	-0.003512	0
1	3551	0.228744	-0.003498	0
1	3552	0.228975	-0.003484	0
1	3553	0.229206	-0.00347	0
1	3554	0.229436	-0.003456	0
1	3555	0.229667	-0.00344	0
1	3556	0.229898	-0.003425	0
1	3557	0.230129	-0.003409	0
1	3558	0.23036	-0.003393	0
1	3559	0.230591	-0.003376	0
1	3560	0.230822	-0.003359	0
1	3561	0.231053	-0.003342	0
1	3562	0.231284	-0.003324	0
1	3563	0.231515	-0.003305	0
1	3564	0.231746	-0.003287	0
1	3565	0.231977	-0.003268	0
1	3566	0.232208	-0.003249	0
1	3567	0.232438	-0.003229	0
1	3568	0.232669	-0.003209	0
1	3569	0.2329	-0.003189	0
1	3570	0.233131	-0.003168	0
1	3571	0.233362	-0.003147	0
1	3572	0.233593	-0.003126	0
1	3573	0.233824	-0.003104	0
1	3574	0.234055	-0.003082	0
1	3575	0.234286	-0.00306	0
1	3576	0.234517	-0.003038	0
1	3577	0.234748	-0.003015	0
1	3578	0.234979	-0.002992	0
1	3579	0.23521	-0.002968	0
1	3580	0.23544	-0.002945	0
1	3581	0.235671	-0.002921	0
1	3582	0.235902	-0.002896	0
1	3583	0.236133	-0.002872	0
1	3584	0.236364	-0.002847	0
1	3585	0.236595	-0.002822	0
1	3586	0.236826	-0.002796	0
1	3587	0.237057	-0.002771	0
1	3588	0.237288	-0.002745	0
1	3589	0.237519	-0.002719	0
1	3590	0.23775	-0.002692	0
1	3591	0.237981	-0.002665	0
1	3592	0.238212	-0.002638	0
1	3593	0.238443	-0.002611	0
1	3594	0.238673	-0.002584	0
1	3595	0.238904	-0.002556	0
1	3596	0.239135	-0.002528	0
1	3597	0.239366	-0.0025	0
1	3598	0.239597	-0.002471	0
1	3599	0.239828	-0.002443	0
1	3600	0.240059	-0.002414	0
1	3601	0.24029	-0.002385	0
1	3602	0.240521	-0.002355	0
1	3603	0.240752	-0.002326	0
1	3604	0.240983	-0.002296	0
1	3605	0.241214	-0.002266	0
1	3606	0.241445	-0.002236	0
1	3607	0.241675	-0.002205	0
1	3608	0.241906	-0.002174	0
1	3609	0.242137	-0.002143	0
1	3610	0.242368	-0.002112	0
1	3611	0.242599	-0.002081	0
1	3612	0.24283	-0.002049	0
1	3613	0.243061	-0.002017	0
1	3614	0.243292	-0.001985	0
1	3615	0.243523	-0.001953	0
1	3616	0.243754	-0.00192	0
1	3617	0.243985	-0.001887	0
1	3618	0.244216	-0.001854	0
1	3619	0.244447	-0.001821	0
1	3620	0.244677	-0.001788	0
1	3621	0.244908	-0.001754	0
1	3622	0.245139	-0.00172	0
1	3623	0.24537	-0.001686	0
1	3624	0.245601	-0.001652	0
1	3625	0.245832	-0.001617	0
1	3626	0.246063	-0.001583	0
1	3627	0.246294	-0.001548	0
1	3628	0.246525	-0.001512	0
1	3629	0.246756	-0.001477	0
1	3630	0.246987	-0.001441	0
1	3631	0.247218	-0.001406	0
1	3632	0.247449	-0.001369	0
1	3633	0.247679	-0.001333	0
1	3634	0.24791	-0.001297	0
1	3635	0.248141	-0.00126	0
1	3636	0.248372	-0.001223	0
1	3637	0.248603	-0.001186	0
1	3638	0.248834	-0.001148	0
1	3639	0.249065	-0.001111	0
1	3640	0.249296	-0.001073	0
1	3641	0.249527	-0.001035	0
1	3642	0.249758	-0.000996	0
1	3643	0.249989	-0.000958	0
1	3644	0.25022	-0.000919	0
1	3645	0.250451	-0.00088	0
1	3646	0.250682	-0.00084	0
1	3647	0.250912	-0.000801	0
1	3648	0.251143	-0.000761	0
1	3649	0.251374	-0.000721	0
1	3650	0.251605	-0.000681	0
1	3651	0.251836	-0.00064	0
1	3652	0.252067	-0.000599	0
1	3653	0.252298	-0.000558	0
1	3654	0.252529	-0.000517	0
1	3655	0.25276	-0.000475	0
1	3656	0.252991	-0.000433	0
1	3657	0.253222	-0.000391	0
1	3658	0.253453	-0.000349	0
1	3659	0.253684	-0.000306	0
1	3660	0.253914	-0.000263	0
1	3661	0.254145	-0.00022	0
1	3662	0.254376	-0.000177	0
1	3663	0.254607	-0.000133	0
1	3664	0.254838	-0.000089	0
1	3665	0.255069	-0.000045	0
