/*--------------------------------*- C++ -*----------------------------------*\
| =========                 |                                                 |
| \\      /  F ield         | OpenFOAM: The Open Source CFD Toolbox           |
|  \\    /   O peration     | Version:  5.x                                   |
|   \\  /    A nd           | Web:      www.OpenFOAM.org                      |
|    \\/     M anipulation  |                                                 |
\*---------------------------------------------------------------------------*/
/*   Windows 32 and 64 bit porting by blueCAPE: http://www.bluecape.com.pt   *\
|  Based on Windows porting (2.0.x v4) by Symscape: http://www.symscape.com   |
\*---------------------------------------------------------------------------*/
FoamFile
{
    version     2.0;
    format      ascii;
    class       pointSet;
    location    "constant/polyMesh/sets";
    object      shortEdges;
}
// * * * * * * * * * * * * * * * * * * * * * * * * * * * * * * * * * * * * * //


2744
(
192513 
184323 
180237 
180238 
192531 
188436 
192532 
184341 
192533 
176151 
176152 
176153 
176154 
192540 
188445 
188446 
180255 
180256 
180257 
192549 
188454 
184359 
184360 
180264 
180265 
176169 
180266 
188463 
176178 
176179 
176180 
172086 
192567 
172087 
184377 
180282 
172090 
172091 
172092 
172093 
172094 
172095 
192576 
172096 
172097 
172098 
180291 
172099 
176196 
172100 
172101 
172108 
176205 
172109 
176206 
172110 
172111 
172112 
172113 
172114 
192594 
172115 
184404 
172116 
184405 
172117 
184406 
172118 
176214 
172119 
172120 
172121 
172122 
172123 
172124 
184413 
172125 
172126 
172127 
176223 
172128 
172129 
172132 
172133 
184422 
172134 
172135 
180327 
192621 
192622 
192623 
172146 
172147 
176250 
192639 
180354 
176259 
176260 
192648 
192649 
192650 
192651 
192657 
180372 
176277 
192666 
192667 
176286 
176287 
176288 
184485 
184486 
176295 
172204 
192684 
188589 
172205 
192685 
188590 
172206 
192686 
188591 
172207 
172208 
176304 
172209 
172210 
172211 
172212 
172213 
188598 
172214 
172215 
184503 
192702 
192703 
192704 
180417 
176322 
192711 
192712 
172232 
192713 
172233 
184521 
172234 
184522 
180426 
172235 
176331 
172236 
176332 
172237 
176333 
172238 
172239 
192720 
172240 
192721 
172241 
192722 
184530 
184531 
180435 
176340 
180436 
176341 
180437 
176342 
184539 
184540 
176349 
176350 
172254 
172255 
172256 
172257 
172258 
172259 
188643 
172260 
172261 
180453 
176358 
180454 
172268 
172269 
172270 
176367 
172271 
172272 
172273 
172274 
172275 
192756 
172276 
172277 
188661 
184566 
172278 
172279 
180471 
172280 
176376 
172281 
172282 
172283 
172284 
172285 
172286 
184575 
172287 
184576 
172288 
184577 
172289 
176385 
172290 
172291 
172292 
172293 
172294 
192774 
172295 
172296 
172297 
188688 
188689 
188690 
172308 
172309 
172310 
172311 
172312 
192792 
172313 
188697 
192793 
172314 
192794 
184602 
172315 
172316 
176412 
172317 
184611 
180516 
172328 
172329 
172330 
172331 
188715 
172332 
172333 
180525 
172334 
180526 
172335 
180527 
172336 
172337 
172338 
172339 
172340 
172341 
172342 
176439 
172343 
176440 
172344 
176441 
172345 
192828 
188733 
192829 
192830 
184638 
180543 
176448 
172354 
172355 
172356 
172357 
188742 
172358 
188743 
184647 
172359 
184648 
172360 
180552 
176457 
172361 
172362 
172363 
172364 
172365 
172366 
172367 
180561 
176466 
180562 
180563 
180564 
180570 
176475 
180571 
180572 
172384 
172385 
172386 
184674 
172387 
176484 
172388 
172389 
188778 
184683 
172396 
184684 
176493 
172397 
172400 
172401 
172402 
172403 
184692 
176502 
172406 
172407 
172410 
192891 
172411 
192892 
172412 
192893 
184701 
172413 
180606 
172414 
176511 
172415 
176512 
172416 
172417 
172418 
172419 
192900 
172420 
172421 
172422 
180615 
172423 
176520 
172424 
176521 
172425 
172428 
192909 
172429 
172430 
172431 
184719 
180624 
172432 
176529 
172433 
176530 
172434 
172435 
172436 
172437 
172438 
172439 
180633 
176538 
172444 
172445 
172446 
172447 
180642 
176547 
184746 
180651 
184747 
184748 
192945 
188850 
184755 
180660 
184756 
180661 
184757 
192954 
184764 
188868 
192972 
188877 
188886 
176601 
172508 
172509 
172510 
172511 
188895 
172512 
184800 
172513 
180705 
172514 
176610 
172515 
172516 
172517 
172518 
172519 
192999 
172520 
188904 
172521 
184809 
172522 
180714 
172523 
193008 
188913 
188914 
188915 
180723 
172532 
176628 
172533 
172534 
172535 
172536 
172537 
172538 
172539 
184827 
172540 
180732 
172541 
176637 
176638 
172542 
176639 
172543 
172544 
172545 
193026 
172546 
188931 
172547 
172548 
184836 
180741 
172549 
172552 
172553 
172554 
172555 
188940 
184845 
180750 
172558 
184846 
176655 
172559 
184847 
172560 
172561 
193044 
172564 
188949 
172565 
180759 
176664 
193053 
188958 
188959 
184863 
188960 
180768 
184864 
188961 
193062 
193063 
188967 
193064 
188968 
184872 
180777 
176682 
172586 
172587 
172588 
172589 
172590 
193071 
172591 
172592 
188976 
172593 
184881 
180786 
172594 
172595 
172596 
172597 
172598 
172599 
172602 
180795 
172603 
172604 
172605 
172606 
172607 
172608 
193089 
172609 
172610 
172611 
180804 
176709 
189003 
172620 
172621 
176718 
172622 
172623 
172628 
189012 
189013 
172630 
189014 
172632 
172633 
172634 
172635 
172636 
172637 
172638 
172639 
176736 
189039 
184944 
172658 
172660 
172662 
172663 
193143 
172664 
193144 
172665 
193145 
172666 
172667 
172668 
172669 
172670 
172671 
193152 
184962 
184963 
180867 
184964 
172682 
189066 
172683 
184971 
189067 
172684 
184972 
189068 
172685 
184973 
172686 
172687 
172688 
172689 
172690 
172691 
189075 
172692 
184980 
189076 
172693 
189077 
172694 
176790 
189078 
172695 
172696 
172697 
172698 
172699 
172702 
180894 
172703 
176799 
172704 
172705 
172706 
172707 
189093 
180903 
180904 
172718 
172719 
185007 
172720 
185008 
172721 
172722 
172723 
172724 
172725 
172726 
172727 
172728 
180921 
172729 
176826 
176827 
176828 
193215 
189120 
189121 
189129 
172746 
172747 
172748 
172749 
172750 
172751 
189138 
180948 
172758 
172759 
193242 
189147 
189148 
180957 
180958 
172770 
193251 
172771 
172772 
172773 
172774 
176871 
172775 
172776 
172777 
172778 
172779 
172780 
172781 
172782 
172783 
176880 
172784 
176881 
172785 
176882 
172786 
172787 
172788 
172789 
193269 
189174 
172790 
193270 
172791 
180984 
172794 
172795 
172796 
172797 
172798 
193278 
189183 
172799 
172800 
172801 
172802 
172803 
172804 
172805 
172806 
172807 
189192 
172808 
172809 
181002 
172810 
172811 
172812 
172813 
172814 
172815 
172816 
193296 
172817 
189201 
185106 
172818 
189202 
185107 
181011 
172819 
189203 
185108 
181012 
172820 
189204 
181013 
172821 
172822 
172823 
172824 
172825 
172826 
189210 
172827 
172828 
172829 
176934 
176935 
176936 
189228 
189229 
189230 
176943 
172852 
193332 
172853 
193333 
172854 
172855 
172858 
172859 
172860 
172861 
193341 
172862 
189246 
172863 
185151 
189247 
172864 
172865 
176961 
172866 
172867 
172868 
172869 
193350 
181065 
181066 
181067 
172876 
172877 
172878 
172879 
172880 
172881 
185169 
172892 
172893 
172894 
172895 
172898 
172899 
185187 
172900 
181092 
172901 
181093 
193386 
177006 
177007 
177008 
193395 
172916 
185205 
172917 
172918 
181110 
172919 
181111 
177015 
181112 
193404 
189309 
181119 
181120 
177024 
181121 
177025 
177026 
189318 
189319 
185223 
172938 
172940 
172942 
172943 
189327 
172944 
181137 
172945 
177042 
172946 
172947 
172948 
172949 
172950 
172951 
193431 
189336 
185241 
181146 
177051 
177052 
177060 
177069 
172976 
172977 
172978 
172979 
172980 
172981 
172982 
172983 
172984 
172985 
172986 
172987 
172988 
172989 
185277 
172990 
185278 
181182 
172991 
185279 
193476 
185286 
177096 
173002 
173003 
173004 
173005 
193485 
193486 
185295 
193487 
185296 
177105 
177106 
193494 
193495 
173016 
181209 
173017 
181210 
173020 
173021 
173022 
193503 
173023 
193504 
173024 
193505 
173025 
177123 
193512 
181227 
177132 
177133 
177134 
173040 
173041 
173042 
173043 
173044 
173045 
177141 
173046 
177142 
173047 
177143 
173048 
177144 
173049 
177150 
193539 
193540 
177159 
177160 
177161 
177162 
193548 
193549 
185358 
173070 
173071 
173072 
177168 
173073 
173076 
193557 
173077 
193558 
189462 
173078 
189463 
173079 
189464 
181272 
173084 
173085 
193566 
173086 
193567 
189471 
173087 
193568 
185376 
181281 
177186 
173090 
181282 
177187 
173091 
181283 
177188 
173092 
173093 
173094 
173095 
173096 
173097 
185385 
173098 
181290 
177195 
173099 
181291 
177196 
173100 
181292 
173101 
181293 
173102 
181294 
173103 
181295 
185394 
181299 
177204 
181300 
193593 
173114 
185403 
181308 
173116 
177213 
181309 
181310 
173118 
173119 
173120 
173121 
173122 
173123 
173124 
185412 
173125 
177222 
173130 
173131 
173132 
189516 
173133 
181326 
173134 
177231 
181327 
173135 
173136 
173137 
173138 
173139 
173140 
173141 
181335 
181336 
173148 
173149 
173150 
189534 
185439 
173151 
173152 
173153 
173154 
173155 
173158 
193638 
173159 
193639 
185448 
173160 
185449 
173161 
177258 
173166 
173167 
173168 
185457 
173169 
185458 
185459 
193656 
189561 
193657 
185466 
189562 
185467 
189563 
181371 
185468 
185469 
185470 
173182 
173183 
173184 
173185 
189570 
185475 
177285 
177286 
177287 
173196 
185484 
173197 
173198 
177294 
173199 
193683 
193684 
189588 
193685 
181398 
181399 
177303 
181400 
185502 
185503 
181407 
177312 
185504 
181408 
181409 
173218 
181410 
173219 
173220 
173221 
173222 
189606 
173223 
185511 
173224 
181416 
173225 
177321 
181417 
173226 
181418 
173227 
173228 
173229 
189615 
189616 
185520 
185521 
181425 
177330 
173236 
173237 
173238 
193719 
173239 
193720 
173240 
193721 
173241 
173242 
173243 
177339 
173244 
173245 
173246 
173247 
193728 
193729 
177348 
173256 
173257 
193737 
173258 
173259 
185547 
173260 
173261 
177357 
177358 
189651 
185556 
181461 
185557 
177366 
177367 
173276 
173277 
185565 
173278 
181470 
173279 
177375 
173280 
177376 
173281 
173282 
173283 
173284 
173285 
173286 
185574 
173287 
177384 
177393 
173298 
173299 
173300 
173301 
173302 
193782 
173303 
185592 
193791 
181506 
173314 
173315 
181515 
193809 
189723 
185628 
185629 
185630 
185637 
177447 
193836 
189741 
181551 
181552 
177456 
193845 
189750 
181560 
173372 
173373 
173374 
189759 
173375 
181569 
177474 
173382 
193863 
173383 
189768 
173384 
185673 
173385 
181578 
181579 
177483 
181580 
177484 
177485 
173390 
173391 
189777 
185682 
189786 
189787 
189788 
177501 
193890 
173410 
173411 
185700 
173412 
181605 
173413 
177510 
173416 
173417 
173418 
193899 
173419 
189804 
193900 
185709 
173424 
173425 
173426 
173427 
193908 
189813 
173430 
181623 
173431 
177528 
173432 
173433 
173434 
173435 
173436 
173437 
189822 
173438 
173439 
185727 
181632 
173440 
185728 
173441 
185729 
173442 
173443 
193926 
189831 
189832 
185736 
189833 
181641 
185737 
189834 
173454 
173455 
173456 
189840 
173457 
189841 
185745 
181650 
189842 
177555 
173462 
173463 
173464 
173465 
189849 
173466 
185754 
173467 
177564 
189858 
173476 
173477 
173478 
173479 
173480 
173481 
173482 
173483 
173484 
173485 
177582 
173486 
173487 
173488 
173489 
173490 
173491 
173492 
189876 
173493 
173508 
173509 
193989 
173510 
173511 
173512 
173513 
173522 
173523 
173524 
173525 
173526 
173527 
173528 
185817 
173529 
173530 
181722 
173531 
173540 
177636 
173541 
173542 
173543 
173544 
173545 
189930 
185835 
185836 
181740 
177645 
181741 
181742 
189939 
185844 
189940 
185845 
189941 
185846 
173562 
173563 
173564 
189948 
173565 
185853 
189949 
173566 
181758 
189950 
173567 
189951 
173568 
173569 
173570 
173571 
194052 
173572 
173573 
173574 
173575 
173576 
177672 
173577 
177673 
177674 
189966 
181776 
173588 
173589 
173590 
173591 
173592 
185880 
173593 
185881 
173594 
173595 
173596 
173597 
173598 
194079 
173599 
173600 
173601 
181794 
173602 
181795 
173603 
181796 
173604 
173605 
194088 
173610 
173611 
173612 
173613 
173614 
173615 
190002 
181812 
173620 
177717 
173621 
173622 
173623 
173624 
173625 
173626 
194106 
173627 
194107 
173628 
173629 
177726 
173630 
177727 
173631 
177728 
173632 
173633 
173634 
173635 
194115 
190020 
181839 
181840 
194133 
190047 
181857 
190065 
194169 
194170 
185979 
185980 
185981 
177789 
173698 
194178 
190083 
173700 
190084 
190085 
173702 
190086 
173703 
173704 
173705 
173706 
173707 
194187 
173708 
173709 
173710 
173711 
177807 
173712 
173713 
173714 
173715 
173716 
194196 
173717 
190101 
194197 
173718 
173719 
173720 
173721 
173722 
173723 
173724 
173725 
173726 
173727 
190119 
186024 
190120 
190121 
194223 
173744 
173745 
173746 
181938 
173747 
181939 
177843 
173748 
177844 
173749 
177845 
194232 
186042 
173756 
177852 
173757 
177853 
173758 
177854 
173759 
173760 
194241 
173761 
181956 
181957 
181958 
186060 
177870 
177871 
177872 
173778 
173780 
173782 
173783 
173784 
173785 
173786 
173787 
173788 
194268 
173789 
186078 
173790 
173791 
177888 
173792 
173793 
173794 
173795 
173796 
173797 
190182 
190191 
186096 
182001 
177906 
173812 
173813 
173814 
173815 
190200 
173816 
173817 
173818 
177915 
173819 
177916 
177917 
173824 
173825 
190209 
186114 
173826 
173827 
173828 
173829 
173830 
173831 
173832 
173833 
194313 
194314 
194315 
173836 
173837 
173838 
173839 
173840 
173841 
173842 
173843 
182037 
177942 
194331 
190236 
194332 
190237 
190238 
177951 
173858 
173859 
173860 
173861 
173862 
173863 
173864 
173865 
173866 
173867 
173868 
173869 
194349 
173870 
190254 
173871 
186159 
190255 
173872 
190256 
182064 
173873 
182065 
173874 
173875 
173876 
173877 
173878 
173879 
173880 
186168 
173881 
186169 
173882 
177978 
173883 
177979 
173884 
173885 
173886 
173887 
173888 
173889 
173890 
182082 
173891 
173892 
173893 
173894 
173895 
194376 
194377 
177996 
177997 
177998 
177999 
194385 
194386 
178005 
178006 
178007 
194394 
194395 
173918 
178014 
173919 
173920 
173921 
173922 
194403 
173923 
194404 
173924 
194405 
173925 
178023 
178024 
182127 
182128 
182129 
173940 
173941 
173942 
173943 
186231 
173944 
182136 
178041 
173945 
182137 
178042 
173946 
182138 
173947 
173948 
173949 
194430 
173950 
190335 
173951 
190336 
173952 
173953 
182145 
178050 
173954 
182146 
173955 
182147 
173956 
182148 
173957 
182149 
182150 
190344 
186249 
173962 
182154 
178059 
173963 
182155 
173964 
173965 
186258 
182163 
178068 
182164 
182165 
186267 
178077 
173984 
173985 
173986 
173987 
173988 
186276 
173989 
182181 
173990 
178086 
182182 
173991 
173992 
173993 
194475 
194476 
190380 
173996 
186285 
190381 
173997 
182190 
173998 
178095 
182191 
173999 
178096 
178097 
174002 
174003 
174004 
190389 
174005 
174010 
174011 
174012 
194493 
174013 
194494 
174014 
174015 
174016 
178113 
174017 
190407 
186312 
186321 
186322 
182226 
194520 
194521 
186330 
194522 
186331 
186332 
178140 
178141 
190434 
186339 
190435 
186340 
186341 
186342 
186343 
174058 
190443 
174059 
174060 
186348 
182253 
174061 
182254 
178158 
174062 
182255 
174063 
174064 
174065 
174066 
174067 
174068 
174069 
186357 
182262 
178167 
182263 
174072 
182264 
174073 
174074 
174075 
194556 
174076 
194557 
190461 
174077 
194558 
182271 
178176 
194565 
194566 
174086 
174087 
182280 
178185 
174090 
174091 
174092 
174093 
194574 
190479 
186384 
174096 
182289 
174097 
178194 
182290 
182291 
174100 
174101 
174102 
174103 
190488 
174104 
186393 
174105 
186394 
182298 
178203 
186395 
182299 
182300 
174110 
174111 
174114 
174115 
178212 
174116 
174117 
174120 
174121 
190506 
174122 
174123 
182316 
178221 
174128 
174129 
174130 
174131 
174132 
186420 
182325 
174133 
186421 
178230 
174134 
186422 
174135 
194619 
190524 
178239 
194628 
174150 
186438 
174151 
186439 
178248 
186440 
186447 
186448 
186449 
186450 
174166 
194646 
174167 
174168 
186456 
182361 
174169 
174170 
174171 
174172 
174173 
174174 
174175 
186465 
182370 
186466 
174188 
174189 
174190 
174191 
174192 
174193 
194673 
174194 
174195 
174200 
174201 
174202 
194682 
174203 
190587 
174204 
174205 
174206 
178302 
174207 
174208 
174209 
174214 
182406 
174215 
174216 
174217 
174218 
174219 
174220 
194700 
174221 
190605 
174222 
186510 
174223 
182415 
174224 
174225 
190614 
186519 
182424 
178329 
190623 
174240 
186528 
174241 
186529 
182433 
174242 
186530 
182434 
174243 
182435 
174244 
174245 
174246 
174247 
194727 
174248 
174249 
174250 
174251 
194736 
194737 
186546 
178356 
194745 
190650 
190651 
186555 
182460 
174270 
174271 
186564 
194763 
174284 
174285 
186573 
174286 
182478 
174287 
178383 
174290 
174291 
174292 
190677 
174293 
186582 
174294 
182487 
186583 
174295 
178392 
186584 
174296 
178393 
186585 
174297 
178394 
174298 
174299 
174300 
174301 
190686 
182496 
174304 
174305 
174306 
174307 
174308 
174309 
174310 
190695 
174311 
186600 
174312 
182505 
174313 
174314 
174315 
174318 
174319 
174320 
174321 
186609 
174322 
186610 
178419 
174323 
186611 
174326 
174327 
174328 
190713 
174329 
186618 
174330 
186619 
174331 
190722 
186627 
178437 
194826 
174352 
174353 
174354 
174355 
190740 
174358 
174359 
174360 
174361 
174362 
174363 
174364 
174365 
174366 
174367 
174368 
174369 
182577 
178491 
174396 
174397 
174398 
186690 
182595 
178500 
182596 
182597 
174405 
194889 
190794 
186699 
186700 
186701 
190803 
186708 
186709 
182613 
178518 
178519 
174423 
178520 
186717 
186718 
194916 
186726 
182631 
194925 
190830 
182649 
182650 
182651 
186753 
174468 
174469 
174470 
182667 
178572 
190866 
178581 
178582 
174486 
174487 
190884 
182694 
182695 
174513 
182712 
174522 
190911 
174531 
190929 
178644 
174558 
190947 
186852 
186853 
178662 
174567 
174568 
174569 
190956 
190957 
190958 
190965 
174585 
174586 
190974 
190975 
190976 
186888 
182793 
186889 
182794 
186890 
178698 
174603 
178699 
174604 
178700 
174605 
174606 
186897 
182811 
182812 
182813 
174621 
174622 
174623 
174624 
186915 
178725 
178726 
178727 
174639 
174640 
186933 
178743 
178752 
174657 
178753 
174658 
178754 
174659 
191046 
186951 
182856 
178761 
174666 
191055 
178770 
174675 
178771 
178772 
191064 
186969 
174684 
191073 
174693 
174694 
186987 
182892 
178797 
186996 
186997 
182901 
186998 
178806 
191100 
191101 
191102 
174720 
182919 
182920 
174729 
182921 
191118 
191119 
191120 
178833 
178834 
187032 
182937 
178851 
174756 
174757 
174765 
178869 
182973 
178878 
174783 
178879 
182982 
178887 
182983 
174792 
178888 
182984 
174793 
178889 
182991 
178896 
182992 
178897 
174801 
182993 
183000 
178905 
183001 
174810 
174811 
191199 
191200 
187104 
183009 
178914 
183010 
174819 
183011 
174820 
174821 
191208 
178923 
174828 
174829 
174830 
187122 
178932 
174837 
174838 
174839 
187131 
178941 
174846 
174847 
187140 
183045 
178950 
178951 
174855 
178952 
191244 
187149 
191245 
174864 
191253 
187158 
178968 
191271 
183081 
187185 
183090 
183091 
178995 
178996 
187194 
174909 
191298 
187203 
191299 
187204 
179013 
174918 
191307 
187212 
187213 
183117 
179022 
183118 
183119 
187221 
183126 
179031 
174936 
191325 
187230 
183135 
179040 
183136 
183137 
183144 
179049 
191343 
179058 
174963 
191352 
187257 
179067 
174972 
183171 
179076 
191370 
179085 
174990 
179094 
191388 
187293 
187294 
179103 
187295 
187302 
187303 
187304 
175017 
187311 
183216 
187312 
187313 
175026 
187320 
183225 
187321 
187322 
187323 
187329 
175044 
187338 
187339 
179157 
191451 
183261 
183270 
191469 
179184 
191478 
187383 
175098 
191487 
187392 
175107 
175108 
187401 
187402 
179211 
187403 
175116 
183315 
191514 
191515 
187419 
187428 
183333 
179238 
187437 
183342 
179247 
179248 
179249 
191541 
187446 
183351 
175161 
175162 
175163 
191550 
187455 
187456 
191559 
187464 
187465 
179274 
187466 
175179 
187473 
191577 
179292 
191586 
187491 
187492 
187500 
175215 
191604 
183432 
179346 
175251 
191640 
183450 
179355 
183451 
191649 
175269 
191658 
187563 
191659 
183468 
191660 
179373 
179374 
179375 
191667 
187572 
187573 
187574 
187581 
183486 
187582 
187583 
191685 
191686 
187590 
191687 
187591 
175305 
175306 
175307 
175308 
191694 
187599 
183504 
183505 
175314 
175315 
175316 
191703 
183522 
179427 
191721 
187626 
179436 
179437 
191730 
175359 
191748 
183558 
175368 
183567 
179472 
175377 
191775 
191776 
191777 
179499 
175404 
191793 
191794 
191795 
175413 
175414 
175415 
191802 
179517 
191811 
175431 
175432 
191820 
187725 
191821 
187726 
183630 
183631 
175449 
183648 
175458 
175459 
175460 
179562 
191856 
191857 
187761 
191858 
183666 
187762 
183667 
187763 
179571 
175476 
175477 
175478 
191865 
191866 
187770 
191867 
183675 
183676 
179580 
175485 
179581 
175486 
179582 
191874 
191875 
191876 
183684 
183685 
187788 
179598 
175503 
179599 
175504 
175505 
179607 
175512 
179608 
179609 
187806 
183711 
179616 
175521 
191910 
183720 
183721 
183722 
175530 
187824 
175539 
175540 
191928 
187842 
183747 
191946 
191947 
191948 
183756 
179661 
175566 
187860 
179670 
179671 
175575 
179672 
187869 
187870 
187871 
179688 
191982 
191983 
191984 
183792 
179697 
175602 
175603 
179706 
175611 
187905 
179724 
175629 
179725 
179726 
183828 
179733 
175638 
179734 
175639 
179735 
183837 
175647 
183846 
179751 
183847 
175656 
183848 
175657 
192045 
192046 
192047 
183855 
179760 
183856 
175665 
175666 
175667 
192054 
183864 
179769 
183865 
175674 
183866 
175675 
175676 
192063 
179778 
175683 
175684 
175685 
187977 
179787 
175692 
175693 
183891 
179796 
183892 
175701 
183893 
187995 
183900 
179805 
179806 
175710 
192099 
188004 
192108 
188013 
188022 
192126 
188031 
183936 
183945 
183946 
179850 
175755 
179859 
175764 
192153 
188058 
179868 
192162 
188067 
183972 
179877 
183973 
175782 
183974 
183975 
188076 
188077 
183981 
179886 
183982 
183983 
192180 
188085 
188086 
179895 
188094 
188095 
183999 
179904 
175809 
192198 
188103 
179913 
175818 
192207 
179922 
192216 
192217 
184026 
192218 
179931 
175836 
192225 
188130 
179940 
179949 
192243 
175863 
175872 
188166 
184071 
188175 
184080 
188176 
188177 
175890 
188193 
192297 
192298 
192299 
180012 
192306 
184116 
184117 
188220 
184125 
180039 
175944 
180048 
175953 
180049 
175954 
188247 
188248 
175962 
188256 
180066 
188265 
184170 
192369 
188274 
188275 
184188 
180093 
184197 
180102 
180103 
176007 
176008 
176009 
192396 
188301 
184206 
192405 
188310 
176025 
192414 
188319 
192415 
192416 
180129 
192423 
188328 
188329 
192432 
188337 
180147 
188346 
188347 
180156 
188348 
176061 
180157 
180158 
192450 
188364 
188365 
188366 
188373 
188374 
184287 
176097 
192486 
192495 
184305 
180210 
184306 
180211 
176115 
180212 
192504 
192505 
192506 
)

// ************************************************************************* //
